3x20x30x3
-0.0006639598, 0.0003021597, -0.000816447, -0.0008076293, -2.228954E-05, -0.0009119745, 0.0007131808, -0.0005301065, -0.0007196498, 0.0007976888, 0.0005681788, 0.0001787953, 0.0003633738, -0.000589314, 0.001051106, 0.0006696958, 0.0005646365, 0.0003835935, -0.000838389, -0.0003306353
0.0004417854, 0.0006039479, -0.0003390848, -0.0001416282, 0.0003267401, -0.0009676081, 0.0001848323, -0.0007782746, -0.0003829417, -0.0007616827, 0.0005307111, -0.000423277, 0.0006215448, 0.0003934081, -0.0006300959, 0.0003289799, -0.0005733304, 0.0006920261, 0.0005151907, 3.035828E-05
-0.002494288, -0.001556425, -0.002651897, -0.0019769, -0.003394193, -0.0002318106, -0.0001702578, 0.004345559, -0.0003777112, -0.002318262, 0.003511179, 0.001578484, 0.002123678, -0.00030816, -0.00161538, -0.001527184, 0.0009216022, 0.003114361, -0.0003075498, -0.002422783
0.0008294863, 1.806243E-05, 8.711385E-05, -0.0009262371, -0.001016703, 0.0004078548, -0.0005991503, -0.0002041832, 0.0009796356, -0.0006770644, -4.212596E-05, 0.0001850001, 0.0002535327, -0.0007918132, -0.0008518908, -0.0006638287, -0.0008730259, -0.000161144, 0.000996848, -0.0005833273
0.004334623, -0.001441897, -0.00824384, 0.003538604, 0.008318813, -0.007554847, -0.008852285, -0.007467181, -0.009151667, 0.007008082, -0.006126284, -0.004603582, -0.001530404, -0.0005818768, -0.006230906, -0.006665836, -0.008051482, -0.009755356, -0.00730264, 0.004592017, -0.006748057, 0.006685617, 0.006066351, 0.006839965, -0.005518686, -0.009190055, -0.006870333, 0.0007895335, 0.002131126, 0.00242369
-0.002272278, 0.001582291, -0.003110253, -0.005937812, 0.008178537, -0.007879343, -0.005369429, -0.004370008, -0.006537321, 0.006283005, 0.009774084, 0.007455001, 0.00815411, 0.006842106, -0.006246308, 0.005995885, -0.006594158, 0.009754851, 0.007502404, -0.00219428, 0.008214394, -0.007946295, 0.007351694, -0.003563214, 0.003443402, 0.009432303, 0.00712382, 0.001977532, -0.005223299, -0.003985052
0.004424477, -0.001847771, 0.001074496, -0.002120267, 0.002350907, 0.001653184, -0.009109566, 0.00249684, -0.002644231, 0.004233922, 0.00604318, 0.001276382, -0.006210925, -0.001567066, 0.007575189, -0.006514396, -0.004452657, -0.003560809, -0.003850185, 0.004883192, 0.0008817868, 0.002289705, 0.007181354, -0.005588318, -0.001449947, -0.004296118, 0.004147828, -0.009529286, 0.000706504, 0.008916437
-0.005010716, 0.002744512, -0.009183837, 0.007602891, -0.008136871, 0.001749168, -0.003818636, 0.000269314, -0.005571002, 0.002272432, 0.005029971, 0.0008098214, 0.002292926, -0.00636567, 0.001891638, -0.00293919, 0.008227898, -0.0008642495, -0.001108161, 0.0001569877, 0.003860981, 0.0007764681, -0.004403305, -0.0001405528, 0.005163126, -0.00785891, 0.0007640534, -0.003271805, 0.009264094, -0.003246457
0.007440689, -0.009387283, -0.008097801, -0.001138891, -0.000897484, -0.006608266, 0.0002365448, -0.003946775, -0.003662464, -0.004020256, 0.00715258, 0.005305892, -0.008112038, 0.004388512, 0.01000339, 0.0101727, -0.01009237, 0.003823552, 0.002483456, -0.008295465, -0.002496227, -0.004885505, 0.001362419, -0.009632785, -0.005096413, 0.004239916, -0.003029703, 0.001004759, -0.007522355, 0.009916386
-0.009085054, 0.009472922, 0.001251266, 0.007851583, 0.004683645, 0.004504671, -0.001273031, -0.00641032, 0.004518543, -0.001610872, 0.006629201, 0.002050774, -0.007404038, -0.006733905, 0.002972814, 0.008483891, -0.001045661, 0.001407491, 0.0001340154, 0.005193315, -0.007930334, 0.007068316, 0.004049664, 0.007547663, 0.009262762, 0.002298859, -0.0009526561, -0.008386766, -0.006273624, 0.004789524
0.006316428, 0.009297148, -0.006067331, -0.00325191, -0.005211598, 0.007599784, -0.005943443, -0.006015186, 0.009537289, -0.004712252, 0.001282163, 0.006467985, 0.009227429, -0.005768541, -0.005010053, 0.005297164, -0.007483685, -0.001868638, -0.002531403, -0.003568708, -0.004742954, 0.005585517, -0.009065173, -0.002871355, 0.007613102, -0.006152154, -0.004524631, 0.00368629, 0.008614634, -0.007633655
-0.004551699, -0.00306413, 0.009994366, 0.009482084, 0.002053207, 0.007257736, -0.00175741, 0.006071676, 0.008671409, 0.005082153, 0.004420612, -0.005091961, 0.001860405, -0.005445689, -0.00629492, -0.004596441, 0.007976251, -0.0003423708, 0.002782839, -0.006138269, -0.000358052, -0.009106638, 0.004275361, 0.007437638, -0.0003627994, -0.009314446, 0.008445967, 0.006796788, -0.001036522, -0.009316208
0.002138327, 0.0003760002, -0.0046897, 0.007151178, 0.009848331, -0.005798041, 0.006680979, 0.009557267, 0.002101525, -0.002282886, -0.002821242, -0.003332776, -0.0003642373, 0.0020598, 0.001982603, -0.009671407, -0.006338427, 0.006168475, -0.006824373, 0.001992549, -0.003969509, 0.005688436, -0.008840613, 0.004687083, 0.00258131, -0.005415088, 0.002914955, -0.007543222, 0.0001047854, 0.001422677
0.008955617, 0.001453342, -0.00345316, 0.007682684, -0.006677061, -0.005838263, 0.009565535, 0.004619991, -0.005182867, 0.009943699, -0.001029845, 0.008297251, 0.007696844, -0.005023716, 0.00690781, -0.006709867, 0.001170863, -0.007784697, -0.004817222, -0.0006897709, 0.007167356, -0.00776836, 0.003521086, 0.007094504, 0.004883344, 0.006480359, -0.0008493413, 0.0006329352, -0.005321841, 0.005436543
0.001258535, 0.004136423, -0.0003752155, -0.009382652, -0.001304214, 0.005781753, 0.01003033, 0.002204122, -0.001128663, -0.002353818, -0.009365489, -0.001137783, 0.001202081, -0.006650862, -0.007078842, -0.002380405, 0.008112721, 0.006263373, 0.008097642, -0.0006016158, 0.003216047, 0.0007893532, 0.007156973, -0.00910732, 0.00438216, 0.006673886, 0.007791926, -0.0004769329, -0.007481256, -0.003338437
0.004919906, -0.001031046, 0.0002708552, -0.0003653988, -0.001567302, 0.004686054, -0.001218688, 0.006983948, 0.006117124, -0.009124341, -0.0068432, 0.009187696, 0.003353453, 0.00747708, -0.001453338, -0.001884691, 0.001029106, 9.046653E-05, 0.004169446, -0.002843138, 0.008390408, 0.002852049, 0.002717626, 0.005120931, -0.008039926, -0.009528041, 0.007153146, -0.001328953, -0.003653249, 0.001990263
0.008057617, 0.0003691587, -0.0004602383, -0.00814103, 0.002878184, 0.001636438, 0.008722483, -0.008317785, 0.005116793, -0.001818066, 0.008963287, -0.008946726, -0.009772365, 0.006885203, -0.003834463, 0.003999143, 0.007501001, 0.009509493, 0.002377488, -0.003860385, -0.004379216, -0.002360423, 0.005457098, 0.005520627, -0.001564128, -0.007953347, 0.006333308, 0.005130756, -0.002378253, -0.00217039
0.007558024, -0.009902075, 0.0005538686, -0.005952883, -0.00712982, 0.002720594, -0.0002314449, 0.001409451, -0.005406312, 0.006921398, -0.0005094137, -0.0005602685, 0.005083672, -0.004229039, -0.001816161, 0.007341981, 0.002596619, 0.005704972, -0.001182813, -0.002168352, -0.006941049, 0.007567848, 0.00642962, -0.00979927, -0.003666026, 0.000432651, 0.005048321, 0.003966587, 0.003551773, 0.0008546727
0.005380719, -0.006404288, 0.003765844, -0.002875434, 0.0008227281, 0.008922603, 0.0004923629, 0.00613056, 0.004072024, 0.003671431, -0.005634445, -0.003965164, 0.004992438, 0.005396997, 0.006764959, 0.006344666, 0.002507689, -0.0003227658, -0.002809467, 0.001090008, -0.0004725622, -0.009399914, -0.003729084, 0.009854706, -0.005114073, 0.01000665, -0.006358636, 0.0003538274, 0.00777392, 0.002527246
0.007682862, 0.005877505, 0.007765616, 0.003829835, -0.008420787, -0.004021133, 0.005550973, -0.002090368, 0.004895477, -0.0005666887, -0.003164706, 0.006416844, -0.008402308, 0.005364789, -0.006415251, 0.007144717, -0.007473847, -0.008831517, -0.006614409, 0.0001026527, 0.007949614, -0.004582463, -0.003366321, -0.007568839, -0.008655796, 0.004794445, 0.007206735, 0.003947435, -0.007754445, 0.0009283861
0.005237654, -0.009837153, 0.00851367, -0.008315634, 0.00588472, -0.001461445, -0.001846956, -0.008762524, 0.003788423, 0.0007281858, -0.009336486, -0.00546422, 0.004661936, 0.00799247, -0.005756674, 0.003070193, 0.009034169, 0.001037974, 0.006421494, -0.002134832, 0.007390046, -0.00744733, -0.003153922, -0.002356341, 0.004566784, 0.002249259, -0.0008767108, 0.005381271, 0.002362651, -0.003241745
-0.001299119, -0.008433928, -0.004020546, -0.005925712, 0.003994813, -0.003399609, 0.007941238, 0.01000357, 0.009465181, 0.004765183, -0.001142584, -0.008668751, -0.002695538, 0.0026533, -0.0007155522, 0.003213529, 0.000829256, -0.001385519, 0.008375577, -0.001747608, 0.005658357, -0.003810134, 0.007594088, 0.004343661, 0.003445479, 0.002656897, 0.003363099, 0.0008670606, -0.002973108, -0.006505181
0.009429349, 0.002808078, -0.00119738, -0.002946667, -0.007951318, 0.009033538, 0.00864906, 0.0004368636, -0.006078405, 0.007698951, 0.005206204, 0.009159356, 0.001683275, -0.008477869, 0.009034357, 0.006089241, 0.005188656, 0.004105914, 0.008168363, -0.008756213, -0.008458557, -0.009559569, 0.007120923, -0.005954659, 0.001007587, -0.007465505, -0.005899117, 0.001580789, 0.0008101334, -0.008577053
0.00331923, -0.002910462, 0.002662552, 0.005806811, 0.005555006, 0.006151392, 0.002468687, -0.00977177, 0.0006715569, 0.0005165318, 0.004685568, -0.009719329, -0.005263602, -0.009295686, 0.003189471, 0.006692983, 0.004462983, 0.006119327, 0.005196454, 0.007407194, 0.007527689, 0.009256976, 0.002582559, -0.004141377, -0.007893386, 0.009003027, 0.005593724, -0.005220291, 0.006062006, 0.009613622
0.007313226, -0.009992762, 0.007972575, -0.000204892, -0.009062421, -0.003707426, -0.005850848, -0.006279484, 0.003489555, -0.004660235, -0.01017885, 0.003325631, 0.004881503, -0.009068208, 0.003221052, -0.01073335, 0.006137499, -0.004104341, -0.005236226, -0.01034619, -0.002896263, -0.004307249, -0.008759495, -0.002258995, 0.007445945, -0.006433411, 0.0003642006, 0.004243126, 0.003865159, -0.004401209
-0.007980254, -0.00574515, -0.00284941
-0.00474557, 0.004895643, 0.009205156
0.00829737, -0.005137824, -0.001777782
-0.008668452, 0.001990824, -0.009301963
0.005966738, 0.0103262, -0.007604796
0.003282613, 0.006730421, -0.004683026
0.003517518, -0.002513453, -0.005253912
0.007213011, -0.006480656, 0.004802807
-0.000699766, -0.01074438, 0.001345701
-0.009818376, 0.009994764, -0.007019253
0.00561012, 0.009013525, 0.00239512
0.005179904, 0.008436857, -0.004961864
-0.006793557, -0.0037191, -0.0005301462
-0.009439375, 0.003727644, 0.003430879
-0.005787144, 0.007201816, -0.001348258
-0.005579344, 0.00811951, -0.001992804
0.007112222, -0.002212132, 0.009138236
-0.009357711, -0.001838066, 0.001657855
0.009650856, -0.006518268, -0.005979741
0.00380168, 0.008387927, 0.004016778
-0.002387117, 0.007073525, -0.003581257
-0.005102982, -0.004499373, 0.003751787
-0.002272557, -0.008134064, -0.008651196
0.007434487, 0.0003950075, -3.579729E-05
0.006623968, 0.00169147, 0.004184445
0.0006256967, 0.003890746, -0.003877753
-0.003521117, -0.007033958, -0.00705207
-0.006122714, -0.006200693, 0.0006441925
-0.005939114, 0.005529473, -0.0001013527
-0.01009654, 0.00649097, 0.005020366
0.08250458, -0.09826293, -0.0001655974
