3x20x30x3
-0.0003525611, 0.0006076308, 0.001185039, -5.249876E-05, 2.800323E-05, -0.0008782543, 0.0009906825, -0.0003160565, 0.0006125029, -0.0004127475, -0.0005219766, 0.0006544117, 0.0003565894, 0.0006668859, -0.0008827561, -0.0005519612, 0.0008314736, -0.001020211, 0.0003611727, -0.00029474
0.0004463751, 0.0007102555, -0.0002267485, -0.000772482, 0.0007067277, -0.0009708724, 4.062037E-05, 0.0005508824, -0.0004967449, -0.0008568497, -0.001029865, -0.0001098133, 0.0006261811, -0.0001020248, -0.001110615, 0.0008173086, -0.0005829429, -0.0007342802, -0.0008708835, -0.001024546
0.001443203, -0.0001205358, -0.0008989375, 0.0005315138, 0.0001748543, -0.0003064854, -0.00155313, -0.0003043407, 4.607037E-05, 0.001411013, 0.00134584, 0.0001386631, -0.0004908747, -0.0003064397, -0.001574076, -0.001006968, -0.0008166605, 0.001217305, -0.0009867509, -0.0003005971
0.0008841169, 0.0005813731, 0.0006147791, 0.0001683372, -0.0009718424, -0.0009490437, 0.0006064787, -0.000228086, 0.0004891115, 0.0006467575, -7.305873E-05, -7.389881E-05, 0.0006763099, 0.0001348635, 8.489813E-05, 0.0001760004, -0.0003315572, -0.0002792279, -0.0005469529, 0.0006984816
0.004639953, -0.002438841, -0.006588337, -0.007393118, 0.00620906, 0.002744559, -0.006245266, -0.002008813, 0.001311732, -0.0009807365, -0.005210162, 0.005875861, -0.001890915, 0.007603973, 0.004857746, -0.003107197, -0.003780058, -0.006702115, -0.007277224, 0.001219733, 0.007776057, -0.002776093, -0.006534562, 0.003656047, -0.007652706, -0.002874947, 0.005091178, 0.009224021, 0.004272086, -0.005351563
0.00371071, -0.009013132, 0.008588312, 0.002925652, -0.002745956, -0.007355989, 0.005128253, 0.004386073, -0.00379544, 0.003632114, -0.0008332164, 0.0003119781, 0.007366592, -0.009890527, 0.006795243, 0.002759197, 0.008531241, 0.002954486, 0.007652662, -8.741541E-05, 0.008592996, -0.001220333, 0.009260209, -0.009423865, 0.006173251, -0.006254984, 0.00507844, 0.00437818, 0.0002234307, 0.004367393
-0.009828217, 0.006297381, 0.006437134, -0.00997653, 0.005174428, 0.00684445, 0.003451439, 0.004280266, 0.005692789, -0.00918028, -0.006982977, 0.009269715, -0.007452186, -0.001290625, -0.004875403, 0.006801901, -0.004239287, 0.004936745, 0.005056572, -0.003564549, 0.0004101767, -0.008752301, -0.001239364, 0.004689098, 0.002630014, -0.005060924, -0.008301537, 0.007989478, 0.006722612, -0.006514138
-0.002438427, -0.009235338, -0.005840665, 0.001826977, 0.003444918, 0.002857645, 0.003890473, 0.007335689, -0.005076462, 0.009977506, 0.009319812, -0.005739082, 0.007282455, 0.006818208, -0.003123837, 0.009341852, -0.003791993, 0.0005143344, 0.00545804, 0.009353353, 0.007979338, -0.009849477, 0.009293986, -0.006206064, -0.006025342, 0.008905024, -0.002429916, -0.008279106, -0.002583544, 0.0002341199
0.005101843, 0.005428845, 0.007493932, 0.002167697, 0.003259223, -0.007741065, 0.005076487, 0.0007174793, 0.005260772, 0.002279576, -0.007077888, -0.001602708, 1.802502E-05, 0.005117641, -0.002908858, -0.003860305, -0.006012889, 0.001941181, -0.002186134, 0.003275799, 0.008704471, 0.001210753, -0.007454875, 0.007404303, -0.004494553, -0.002567449, -0.008536655, -0.009612285, -0.002109598, 0.004571482
-0.004703028, 0.002200752, -6.501883E-05, 0.004702585, -0.005154933, -0.006091229, -0.003257414, -0.004911636, -0.006493776, -0.005378127, -0.005767833, 0.005475621, 0.00526226, -0.006803223, 0.006413212, -0.0004110024, 0.0001358732, -0.00580086, 0.006700011, 0.007853802, 0.004892523, 0.005631426, 0.003887482, 0.004121241, 0.001512394, -0.00608386, 0.002871417, -0.009888852, -0.003329231, -0.004160745
-0.009164425, 0.004705814, -0.007097138, -0.0092678, -0.003015019, 0.0007556469, 0.008502034, 0.005303718, 0.0002569476, -0.006844078, 0.009367631, 0.008917704, -0.001626685, -0.006857135, -0.0009534788, -0.006786997, 0.005958815, 0.009368065, -0.009041141, 0.005931482, 0.007337077, 0.007194564, -0.00630149, 1.437467E-05, 0.00966162, -0.0002988981, 0.008241907, 0.005776389, -0.00683407, -0.009088935
0.001051619, -0.003360963, 0.008441157, 0.007694681, -0.006204603, -0.0004747685, 0.002624843, 0.004534836, 0.006233451, -0.004312573, 0.001116447, 0.004857385, 0.003973814, 0.00349384, 0.008472763, 0.006000165, -0.002794032, 0.0007150295, -0.004912598, -0.001732026, -0.002021788, 0.003483983, 0.009140924, 0.0007400072, -0.001458636, -0.006395919, 0.001042585, 0.002833005, -0.00893579, 0.007254102
0.002451834, -0.007340094, 0.00207221, -0.0007144272, 0.002140702, 0.002733975, -0.009526405, 0.0007177256, 0.009390702, 0.009515304, 0.0006218136, -0.008586516, -0.00686513, 0.005271911, -0.005204162, -0.007554797, -0.006753654, 0.0001637809, 0.001545503, -0.00636334, -0.007507705, -0.002440737, 0.0007190249, 0.004948802, 0.002975599, 0.007563654, -0.002498157, -0.002318788, -0.0008451941, -0.009809696
0.008457466, 0.009794938, 0.003412245, 0.008955288, 0.003214212, -0.001558076, -0.007248476, -0.005330297, -0.008663666, -0.00422292, 0.005539835, 0.006468291, 0.001365333, -0.004383184, 0.007622999, -0.003411872, 0.0003366147, -0.006138243, -0.004041357, -0.003921759, -0.009682649, -0.009083234, -0.008731819, 0.007449087, 0.004757459, -0.005114694, 0.001977032, 0.007150437, 0.006364199, 0.004611141
-0.004786566, 0.002811874, -0.008487133, 0.009184663, -0.008984976, 0.000828437, -0.002077373, -0.005860068, -0.008000039, 0.006374369, 0.009664187, 0.008532383, -0.001150936, -0.00414613, -0.001919833, -0.003962938, 0.006216516, -0.004853114, 0.007330182, -0.003597551, -0.002829415, -0.006319854, -0.008291996, -0.006923015, 0.009821833, 0.007576511, 0.008522979, 0.006043456, -0.005748519, -0.001614251
0.006527884, -0.004334803, -0.001616018, -0.003208963, -0.009478606, -0.007248008, 0.004936377, 0.00212858, -0.005468812, -0.003220896, 0.008597743, -0.003812792, -0.008176431, -0.0004009886, -0.003569775, -0.008200359, 0.002079469, 0.005495023, -0.0006555024, -0.001234185, -0.001328586, -0.00322044, 0.009809255, -9.48545E-05, -0.002633843, -0.008412328, 0.001037208, 0.008479071, 0.00935669, -0.006543429
0.0023808, 0.001945771, 0.009981855, 0.003693431, 0.009824004, 0.003998664, 0.0001879181, -0.00797365, -0.004694363, -0.004663402, 0.001079817, -0.005885133, -0.009388153, 0.0005129875, -0.002177096, -0.008981192, -0.008183118, 0.002140355, 0.006641897, 0.008036641, -0.004472521, -0.007033298, -0.003326128, 0.005431879, 0.00969069, -0.0002609013, -0.004149477, 0.008460936, 0.009405392, 0.008917387
0.001702855, 0.006445225, 0.002763664, -0.008939258, 0.004413911, -0.003355542, -0.003782488, -0.001851923, -0.0001999299, 0.002430022, 0.00162924, 6.122089E-05, 0.0002016803, -0.006004055, 0.007689085, -0.005448726, -0.003835852, -0.0007242573, -0.007909329, -0.003663016, 0.009778515, 0.008909501, -0.008161791, -0.008671524, 0.007953946, -0.000609974, -0.004705337, -0.005465846, 0.003994029, 6.986157E-05
-0.001876248, 0.001697554, -0.007362156, -0.003647663, 0.00365257, 0.004656667, 0.001372115, 0.00958442, 0.006108822, -0.008862823, 0.00479246, 0.003676405, -0.007689431, -0.005827007, -0.003603258, 0.005415332, 0.002797571, -0.007366137, 0.007733477, 0.00515608, -0.006412621, 0.00658264, 0.006382382, 0.00307167, 0.009180872, 0.002801558, 0.004585147, 0.001394618, -0.006935296, -0.00501403
-0.008655109, -0.008324475, 0.004166845, 0.009721753, -0.005687202, 0.009939447, -0.002526119, -0.006146746, 0.0003512573, -0.006956449, 0.003196164, -0.0033972, 0.003145287, -0.009097515, 0.001519327, -0.003903831, 0.006584011, 0.007612977, 0.004919223, -0.007488091, 0.006616908, -0.007366265, -0.003205065, 0.008857407, -0.003490594, 0.001538268, 0.005309983, -0.0005043918, -0.002812705, -0.009160702
-0.009967057, 0.009896221, 0.006498593, 0.001110818, 0.009857396, 0.003159073, 0.009551851, -0.007361907, 0.009932343, -0.00355844, -0.002017211, -0.001046541, 0.002262978, 0.004636912, -0.008057967, 0.00694665, -0.006549341, 0.005459744, -0.008452838, 0.003051668, 0.006253148, 0.006949731, 0.006536948, -0.009400146, -0.001574216, 0.008717995, 0.004842166, 0.00524764, 0.003174323, 0.002739669
-0.005409088, 0.007977125, 0.006593086, -0.0005187439, -0.006998772, 0.003263171, 9.998478E-05, -0.007966735, -0.008940757, 0.008426372, -0.003402507, 0.003942554, 0.007766465, -0.001503893, 0.004496559, -0.002292807, 0.000317676, 0.002105204, 0.006953672, -0.0004882134, -0.00194561, 0.009903955, -0.002085975, 0.004169821, -0.005374607, -0.00697476, -0.006542726, 0.005887775, -0.007257725, -0.008841867
0.008247573, -0.005767223, -0.0005876178, -0.002881545, -0.00812509, 5.281401E-05, 0.00230899, -0.007183115, 0.001635436, -0.00138089, -0.003179763, -0.008619666, 0.004353106, -0.006847674, -0.003564485, -0.007771656, 0.009280239, -0.001956788, -0.003913348, -0.009248979, -0.001624199, -0.007224631, 0.008343887, -0.006305038, -0.005303194, -0.005248991, -8.562255E-06, -0.007551092, -0.005167617, -0.01002154
-0.0001298167, 0.004300382, 0.00937658, 0.009964556, -0.009873766, -0.00763416, -0.00542841, 0.0005894305, -0.003448927, -0.005522678, 0.005369786, -0.002474608, -0.009533735, -0.001702178, -0.007328493, -0.003279411, -0.004501576, -0.00524121, -0.00227923, -0.007603069, -0.006243306, 0.005359342, -0.0002574978, -0.008050929, 0.002754157, 0.005475005, -0.004107784, -0.004320799, -0.007548655, 0.007127362
-7.082502E-06, 0.002845175, 0.001112743, 0.003312485, 0.003978725, -0.008668902, -0.0006973572, 0.001752434, -0.00159631, 0.004706043, -0.004265819, -0.008927826, 0.0024824, -0.008145653, -0.006840964, 0.0002212273, -0.0006048058, 0.004350585, -0.008914825, -0.001140754, 0.001816345, -0.006879933, 0.007943335, -0.001227579, 0.004278711, -0.006953887, 0.002078268, -0.0009358476, -0.003346712, 0.001338212
-0.003226441, 0.002703666, -0.008329812
0.00259278, -0.004529122, 0.009919864
0.009891752, 0.006091847, 0.001162413
-0.005650383, 0.004316157, -0.006167106
-1.835445E-05, 0.007930857, 0.009562084
0.007610523, 0.003410249, 0.007666493
0.003273218, 0.006702212, -0.005165896
0.003665142, 0.00446331, -0.001418112
-0.006882815, 0.008608724, 0.0001171579
-0.009168991, -0.006398562, -0.009268017
-0.006257149, 0.00192259, 0.008014788
0.002440132, 0.003661887, 0.003742794
-0.002771228, -0.007385901, 0.009313898
-0.008123751, -0.007786863, 0.003300038
-0.006558483, 0.004195809, -0.008426396
-0.008910034, -0.003792541, -0.001355357
0.005868357, 0.002435098, 0.009064862
-0.008437486, 0.003666343, 0.006582363
-0.002040535, -0.00336281, -0.002819844
0.006830035, -0.0003611039, -0.002830349
-0.0002513601, 0.008944173, 0.002239382
0.0005049622, -0.009120066, -0.007327169
-0.004153438, 0.00746407, -0.00555777
-0.004269952, 0.0002932429, 0.0003835428
0.008472912, 0.001247337, 0.004535888
0.001541002, 0.0003409431, -0.009765254
-0.003013216, -0.008045377, 0.002228815
-0.008551637, -0.004863101, 0.001433068
-0.008448283, -0.007667372, 0.008176312
-0.008577187, -0.005512957, -0.002974038
0.002156976, -0.03464232, 0.001675242
