3x20x30x3
-0.0006872906, -0.001527866, -0.006718125, 0.007591068, -0.004398946, 0.006320145, -0.006275581, -0.004394385, -0.00566838, -0.009038897, -0.006298979, 0.001214395, -0.000938947, 0.005123959, -0.006554874, 0.007157905, 8.701639E-05, -0.005189274, -0.008533731, -0.0007791731
-0.004227731, -0.007861416, -0.005669435, 0.0072266, 0.007399538, -0.00737741, 0.003312259, -0.0002215986, 0.004302628, -0.001648155, -0.003672577, 0.007945401, 0.009573576, 0.007555245, -0.003849196, -0.0005194258, 0.0004570689, -0.005760494, -0.007835351, 0.006026748
-0.0007421402, 0.0037547, -0.002883289, 0.008428787, -0.005324227, 0.00453539, -0.01032025, 0.002023995, -0.004380398, -0.002905608, -0.01015088, 0.001376114, 0.006967654, -0.005865413, 0.002419364, 0.009721356, 0.005746312, 0.004947807, -0.0008297486, -0.001872316
-0.008077857, 0.002640865, -0.002883265, 0.0001934726, -0.009038939, 0.0009402999, 0.001646174, -0.004105647, -0.004526393, 0.009304035, -0.00943916, -0.005752022, -0.004600865, -0.005122065, -0.001427559, -0.006054812, 0.0002035598, -0.009436116, 0.003212067, -0.00931844
0.07676104, -0.07447074, -0.07503919, 0.07535444, -0.07227022, -0.02016901, 0.03812427, -0.08791747, 0.06378292, 0.05804997, -0.001699758, -0.02300319, -0.0126216, 0.03051161, 0.07211155, -0.01210683, 0.0570376, -0.05450334, 0.05411411, -0.08599189, -0.01481997, 0.02768962, -0.03798703, 0.08563478, 0.02301146, 0.02344009, -0.04492128, 0.0378349, 0.02370438, -0.0971868
0.005380976, -0.06378338, 0.04590491, 0.08257631, 0.03621183, -0.07133096, 0.01425649, -0.01280026, 0.09409684, 0.0869405, -0.05925709, 0.04182985, 0.01373871, 0.06198182, 0.06260137, 0.05619299, -0.07068564, -0.02626668, -0.008535828, 0.004598204, -0.0693472, 0.04672177, -0.08382905, 0.09494492, 0.02172899, -0.07941763, 0.09612129, -0.05278862, 0.01308611, -0.07429664
0.001426631, -0.01788635, -0.08082928, -0.09465134, -0.009233106, -0.05098685, 0.09627704, 0.04508987, -0.03299764, -0.0666575, -0.03140849, -0.001622086, 0.08963484, 0.03612245, 0.03645242, 0.08157855, 0.05354796, -0.006826331, 0.04721628, 0.08163861, 0.09047157, -0.05000031, 0.08053295, -0.00182282, 0.07805658, 0.05865954, -0.0799104, 0.05097727, -0.03914172, 0.01558205
-0.06741904, -0.03296432, 0.07417467, 0.068384, -0.01446235, 0.05862639, 0.02269336, 0.008473251, -0.02880347, 0.01360319, 0.0599759, -0.01582456, -0.09332413, -0.04186397, -0.06395284, 0.0322523, 0.05704841, -0.01989343, -0.04146713, 0.04013557, -0.03298686, 0.002908399, -9.496977E-05, 0.03141571, -0.06470227, -0.0485973, 0.001549672, 0.02091179, -0.07279366, 0.03212417
-0.07104247, -0.05470238, -0.01566225, 0.05141961, -0.09922711, -0.09849764, 0.02419647, -0.07871439, -0.04948111, 0.07780408, -0.04110688, -0.05490673, -0.0780143, -0.06634289, -0.0783482, 0.006273866, -0.05666907, 0.02237579, -0.03784243, -0.05416693, -0.09840947, 0.03992461, -0.007605557, 0.02066927, -0.05137865, 0.02966538, 0.06712715, -0.0572325, 0.03309558, -0.06585513
-0.04293994, -0.09824647, -0.01878867, 0.03903324, -0.01537228, 0.01466689, 0.09979019, -0.0447232, -0.04258495, -0.06544296, -0.09199326, 0.03577709, -0.07037473, -0.01932831, -0.01877207, -0.07805476, -0.01906146, -0.0337678, 0.009797542, 0.02902392, -0.09194203, 0.07917409, -0.04122808, 0.08140665, 0.03053188, -0.01097592, 0.05286384, 0.06363378, 0.002767967, -0.02885413
-0.06563545, -0.01856586, -0.01181938, -0.08362079, 0.02072908, -0.04287289, 0.06385735, -0.01709177, 0.04902358, 0.006970047, 0.006445061, 0.08809453, -0.03500071, -0.07239774, -0.06220435, -0.03417892, 0.01032599, -0.08832692, -0.06057582, -0.07330614, -0.05126598, 0.00090117, 0.03301732, -0.09592004, -0.07394286, -0.0220955, 0.04299739, -0.0001379231, -0.09143972, 0.0955941
0.06179636, -0.06382645, 0.05245275, 0.08629779, -0.09981476, 0.02661947, -0.05236915, -0.08682062, 0.05995677, -0.07589021, -0.04189285, 0.098013, 0.01718682, -0.09715766, -0.07740781, -0.08003245, 0.01416815, -0.06881094, 0.04355526, -0.03531195, 0.07873396, 0.04123531, 0.02425733, -0.02390361, -0.07764217, 0.03348156, 0.04846489, -0.01586819, 0.0903511, -0.05721645
0.0141342, -0.03598887, -0.02562386, 0.0534516, 0.04520491, -0.02970361, -0.06430758, -0.02128148, -0.07260519, 0.01117882, -0.08174749, -0.00290064, -0.04834174, -0.08466271, 0.06862444, -0.04930045, 0.08368289, 0.03023274, 0.08147609, -0.09392624, 0.0637411, 0.01182225, 0.05626234, 0.04385172, -0.08311953, -0.07945395, 0.01192927, -0.023664, 0.06391492, -0.0333113
0.07822728, 0.06353734, -0.0770447, 0.01723487, 0.01001001, 0.0940995, 0.02372762, 0.0637122, -0.04248249, 0.05228005, 0.08436684, -0.06458559, -0.09628778, -0.06750883, -0.05352563, -0.01842519, -0.01044766, 0.008955154, 0.007435528, 0.07165948, 0.04981846, -0.08180624, 0.002609284, 0.08421154, -0.02093029, -0.09767376, 0.00781428, 0.03056548, 0.03660676, 0.02459804
0.05837509, 0.05935622, 0.01484867, 0.06070403, 0.03299355, -0.04526286, -0.0258087, 0.03450871, 0.005320428, 0.07454266, 0.02704222, -0.08009165, -0.02736039, -0.07081331, -0.07824146, 0.02829967, 0.008060659, 0.02384229, -0.002586146, 0.03528431, 0.03097113, -0.09703305, 0.06881293, 0.09223563, 0.01693066, 0.06000868, -0.03911187, -0.06133427, -0.06192046, 0.00769802
-0.01366399, 0.09315972, -0.07276852, 0.03291982, 0.09390564, -0.07504898, 0.02057076, -0.05694726, -0.0005706313, 0.09172571, -0.09259427, 0.05506255, -0.0963652, 0.03295366, -0.05538801, 0.02988299, 0.04554859, -0.02660699, 0.06248415, 0.0507923, -0.00575777, 0.08389131, -0.06690893, -0.09873985, 0.09368519, 0.05541803, 0.09054377, 0.02261187, -0.05622682, 0.07298596
0.09385962, -0.064454, -0.003560175, 0.09765528, -0.01179583, 0.03388658, 0.09270563, 0.0396644, -0.06475031, 0.09679589, -0.09224412, -0.03499811, -0.07559577, 0.005744635, 0.02788348, 0.07590242, 0.09933227, -0.06412978, 0.04757311, 0.0870451, -0.0855115, 0.08750644, -0.02380538, -0.01273189, -0.08656806, 0.002450199, 0.06013261, -0.07398725, 0.03927786, -0.06154985
-0.06564404, 0.09789649, 0.09919713, 0.02635184, 0.09787683, 0.07185283, -0.04145062, -0.09388851, -0.05514139, 0.01075525, 0.03712994, -0.0941422, -0.0618334, 0.06554347, 0.04304604, -0.07072445, 0.05948151, 0.02738784, -0.0265149, -0.08222909, 0.05603101, 0.05468372, 0.07498593, -0.04322079, 0.0585562, -0.09371183, 0.05921949, -0.09097578, 0.08407647, 0.08586407
0.07385083, 0.06673548, -0.0994765, 0.09687123, 0.06240522, -0.09021286, -0.03417973, -0.002101735, 0.007702811, 0.05597446, 0.01733182, 0.09331229, 0.09105688, -0.06301129, -0.05014026, -0.09140757, 0.049402, 0.0105309, 0.04414128, 0.08421378, 0.04301322, -0.06733482, 0.05260704, 0.02143938, -0.01762567, -0.02025356, -0.07695261, 0.04261264, 0.06799855, 0.09149726
-0.08745611, -0.05047917, -0.07817329, -0.04101848, 0.03691942, 0.07051333, -0.09463768, -0.05870153, -0.09671434, 0.03330693, 0.06348441, -0.03851125, -0.0803704, 0.01739742, 0.0004972526, 0.0627596, 0.06358226, 0.03812137, -0.09310769, 0.04989137, -0.04308936, -0.05117584, -0.03509586, 0.09995662, -0.05720353, 0.04114307, -0.08589834, -0.02101302, 0.0143948, -0.01732701
0.08683827, 0.02323248, 0.03008638, 0.01624927, 0.04345415, -0.0322445, 0.07153918, 0.03207772, -8.424708E-05, -0.02068795, -0.09670587, 0.008101631, 0.007204694, -0.08902855, -0.0792591, -0.01853568, -0.08696639, -0.06479005, -0.07906427, 0.01964519, 0.01616554, -0.01516868, 0.03564926, -0.08198933, 0.03464834, 0.06372369, 0.08467036, -0.07808922, -0.08377443, 0.09573869
0.05645487, 0.02640247, 0.0269381, 0.02066028, 0.04649847, -0.0597099, 0.03148354, 0.003348299, 0.07388207, -0.06726106, 0.09130169, -0.06855573, -0.06187361, 0.02765129, 0.04664512, 0.04877494, 0.04159465, -0.0459915, 0.0791694, 0.06131238, 0.02814208, 0.07889951, -0.04197466, 0.09472322, 0.06650865, 0.001997089, 0.08764028, 0.01208185, 0.08160206, 0.07968361
-0.01684296, 0.04965876, 0.01597506, 0.004228583, 0.02291251, -0.02309229, 0.08126476, 0.08656105, -0.03563947, 0.0804417, 0.0500945, 0.009614017, -0.03878171, 0.08829368, 0.02840596, -0.01534245, -0.05333428, -0.09191752, -0.02865112, 0.08586427, -0.07785907, 0.03062914, -0.05734317, -0.04515223, -0.03234896, 0.07753955, -0.03158156, 0.03220576, 0.05413491, -0.05553975
-0.04729715, -0.0806072, 0.02185242, 0.09419153, 0.04961808, -0.05837599, 0.01550904, 0.03399267, -0.09531479, -0.03025473, 0.06757702, 0.05498573, 0.08958304, 0.09875672, -0.08873819, -0.08151178, 0.01764493, -0.03021452, -0.03362838, -0.01815304, -0.04469793, 0.07949588, -0.05937474, 0.09568908, 0.05763134, 0.05250298, 0.006967638, -0.03894858, -0.06350294, 0.04539178
-0.09890258, -0.009256057, -0.0634717, 0.01879929, -0.07567228, -0.02842789, -0.05950731, 0.09395482, 0.02682358, -0.05242835, 0.05766854, 0.05332568, -0.08437391, 0.04019035, -0.0545953, -0.0492506, -0.0492075, -0.07471134, -0.07887829, 0.09610941, 0.04252587, -0.09662163, 0.08294025, 0.08344615, 0.07684599, -0.03238358, 0.01078327, -0.07931635, -0.02708985, -0.09212814
-0.08435005, -0.03289694, 0.008449765
0.08433305, -0.05815598, -0.005009838
0.04414228, -0.0677161, -0.0474252
0.04751687, -0.07801751, -0.03558498
0.09793736, -0.03437388, 0.06401215
0.06342491, -0.03580923, 0.01175872
0.03011636, -0.08819667, 0.03629915
0.06051236, 0.08879691, 0.07103016
-0.01669593, 0.0953243, -0.0496416
-0.01751722, 0.0227385, -0.01286537
-0.03008483, -0.06783608, 0.06076805
0.01781105, 0.0220437, -0.07740852
-0.07390942, 0.07636209, -0.08835299
-0.0964409, -0.08408456, -0.09322386
-0.007829593, -0.0249966, 0.06963272
-0.04156496, 0.04542552, -0.02996969
-0.02106054, 0.01103728, 0.02499199
-0.03997155, -0.01351644, -0.03008821
0.03021965, 0.0793647, 0.01846135
0.04599942, -0.0003275177, -0.05404618
-0.05542793, -0.03893653, 0.009098094
0.06548028, -0.02127674, 0.0895955
0.003598207, -0.02082947, 0.04204703
0.04126403, 0.03642204, -0.01196469
9.556618E-05, 0.02586519, 0.09514032
0.02949649, -0.0312494, 0.01562354
-0.09852695, -0.07516231, -0.04928726
0.08041953, -0.09572617, -0.08819417
0.06214027, -0.08981896, 0.04721687
-0.008995389, 0.08861573, 0.04409183
-0.01959304, 0.02823013, 0.01662695
