3x10x10x3
0.002125253, 0.005070052, -0.004600136, 0.007044918, -0.002832641, 0.007363651, -0.004151689, -0.006057929, -0.0005289521, 0.004891858
0.007644424, -0.004438069, 0.002299786, 0.004045682, -0.005699192, 0.001499529, -0.003661101, -0.01670165, 0.000368546, 0.0007267303
0.01015255, 0.01417417, -0.01165452, 0.009447746, -0.01647055, 0.01743194, -0.01657674, -0.01427308, -0.01792095, 0.01214377
0.005937865, 0.00836783, -0.001082929, -0.006843823, -0.004919024, -0.002703304, 0.0003833719, 0.003969098, 0.006379808, 0.007964633
0.01518129, 0.05580442, -0.02109583, -0.03933119, 0.0270704, 0.08883804, -0.08331876, 0.03892352, -0.08426775, 0.0936983
0.07480527, -0.04969959, -0.0117013, 0.06510214, -0.01524229, 0.01291104, -0.06487854, 0.07017864, 0.02135566, -0.000969296
-0.06265963, 0.009263053, -0.009630845, -0.03730889, -0.09802888, -0.01911947, 0.06689291, -0.03275746, 0.02300078, -0.06577031
-0.07511121, 0.02841529, -0.05441698, -0.06480517, 0.05521492, -0.01960767, -0.06006126, 0.04733353, -0.006929746, 0.06356595
0.04155754, -0.06371234, 0.05719559, -0.07272643, -0.08518711, -0.03359792, 0.06071147, 0.09700127, -0.06530408, 0.06135298
-0.07096443, -0.02014443, 0.06335697, -0.06406474, -0.06782686, -0.01637072, -0.02601976, 0.04688334, -0.04738857, -0.04063648
0.08006065, 0.05644274, -0.03514033, 0.05488187, -0.03383575, -0.05598228, -0.09354839, -0.04150421, -0.0877884, -0.09876683
-0.02447954, -0.01092566, -0.02006094, 0.06555735, 0.05474576, -0.0906814, 0.04259197, -0.03277987, -0.03861796, 0.03159072
0.0188974, 0.07421885, -0.06114158, 0.05053632, -0.09735542, 0.04094272, 0.06797485, -0.08628287, 0.1014613, -0.02776883
-0.09163496, -0.01621055, -0.01326847, -0.05708792, 0.08305182, 0.08528728, 0.07032902, -0.09838837, 0.05791283, 0.07259092
-0.05055192, 0.005061577, -0.0371728, -0.005431268, -0.03409155, 0.05392623, -0.033374, 0.04685196, 0.07392935, 0.001080414
-0.07141111, -0.07483761, -0.04542817
-0.06316614, -0.02008286, -0.0756966
-0.02656456, 0.0893341, 0.06607739
0.08387994, 0.086583, -0.006026603
0.008715798, -0.09556349, -0.08944693
0.01343743, 0.08551522, -0.03357743
0.008820317, -0.03102416, 0.04085371
0.0008268832, 0.08687671, 0.06983284
-0.0437983, 0.0889521, -0.03895859
-0.0137898, -0.07799659, 0.06061148
-0.001001068, -0.0196899, -0.0005972667
