3x10x10x3
-0.9037917, 0.6092346, -1.019155, -1.005621, 0.62828, -0.5009126, -0.337974, 0.2181046, 0.7196836, 0.4359875
-0.01265258, 0.909867, 0.3337289, 0.6205638, 1.805495, -0.0005208465, -0.1069955, -0.5141688, 2.355235, 0.1096446
0.354149, 1.372321, 0.1513697, 0.4925103, -0.5485028, 0.8864665, -0.0530724, -1.142611, 0.1425813, -0.2059422
-0.008742588, -0.01996949, -0.05295206, -0.03582446, -0.01005016, -0.03572064, -0.006205538, 0.003372788, -0.002405102, -0.005196531
0.08520946, 0.5392734, -0.6811858, 0.6557572, -0.4489656, -0.2525904, -0.3262355, 0.2454155, 0.1357574, -0.5460836
-0.9760469, -0.250835, 0.1013887, -0.05004529, -0.1850667, -0.6133097, -0.602072, 0.6071447, -0.9031461, -0.008234324
0.02134834, 0.6523859, -0.8364283, 0.8539681, -0.5632362, -0.2400566, -0.4065258, 0.3840797, 0.1730174, -0.4794012
-0.7819008, -0.05921298, -0.01600215, 0.02325256, -0.3730355, -0.6081387, -0.6127617, 0.619682, -0.8577914, -0.1054322
-0.8432757, -0.242493, 0.3072802, -0.3532197, -0.03481468, -0.5701887, -0.5301115, 0.5294877, -0.8240793, 0.05029431
-0.4654864, 0.3281086, -0.6149288, 0.6001765, -0.546033, -0.4309644, -0.4009899, 0.3716293, -0.314501, -0.514919
-0.09484413, 0.2863301, -0.1861555, 0.1238025, -0.213424, -0.05648177, -0.07980718, 0.1534891, -0.06069662, -0.2709423
0.0742573, -0.2542921, 0.3981425, -0.4100461, 0.5847111, 0.6418282, 0.5872414, -0.6205246, -0.2084747, 0.4594314
-0.6172857, 0.5641388, -0.8422499, 0.7741788, -0.9250244, -1.033656, -1.029136, 1.065938, -0.3947851, -0.794597
-9.901877E-05, -0.3058831, 0.290137, -0.3790434, 0.3758695, 0.3385012, 0.2789898, -0.1362641, 0.08737121, 0.3627981
0.2698388, -0.2258706, 0.5488936, -0.437499, 0.1060341, -0.09351701, -0.1244536, -0.06567653, 0.2680359, 0.214805
-0.3433481, -0.4190238, 2.560348
-1.560311, -0.9467519, 0.4144554
2.382453, 1.203986, -0.4098833
-2.260816, -1.27187, 0.3513074
1.730279, 1.461282, 0.7029727
1.173092, 1.12537, 2.074309
1.218413, 1.148661, 2.022352
-1.45502, -0.9697515, -1.974989
-0.8977225, -0.8513516, 2.263621
1.748681, 1.097516, 0.2778174
2.584703, 1.470564, -1.012801
