3x10x10x3
7.467196, -2.959527, 0.9479105, 0.113283, 2.749491, 17.07133, -5.57078, -0.5234048, -33.045, 0.9870917
-0.7458818, -0.7463208, 4.719279, -0.04641088, 2.873489, 15.89168, -8.702619, -1.41246, 1.060858, 0.2910162
-4.227716, 0.8850333, 1.248033, 0.7108674, -1.382973, -18.23181, 7.495872, -1.362991, 25.78147, -4.098271
0.002061184, 0.0027756, 0.01607051, -0.03675813, 0.03425717, 0.07060348, -0.04286854, 0.02463405, -0.04527012, -0.01347759
2.431304, -2.572858, -2.579289, -2.566627, -2.601376, 2.260412, -2.765349, -2.714325, 2.357362, 2.101902
-1.010545, 1.06475, 1.006093, 1.07025, 0.9946116, -1.195405, 0.9820175, 0.9528145, -1.058757, -1.425469
-0.09402373, 0.07859951, 0.1218708, 0.08625144, 0.1371227, 0.1793291, 0.0702435, 0.090492, -0.0159551, 0.2981184
-1.756293, 1.753026, 1.77658, 1.656865, 1.824187, -1.621914, 1.831497, 1.747251, -1.693124, -1.589258
0.734462, -0.8104284, -0.6613957, -0.7690778, -0.6923068, 0.7411416, -0.7112558, -0.7342203, 0.7632289, 0.7021418
0.4600279, -0.3941715, -0.424053, -0.4170925, -0.4625049, 0.5284101, -0.4950721, -0.4170351, 0.5513364, 0.5870244
-1.022623, 0.8798751, 0.9639725, 0.9384707, 0.919482, -1.169671, 0.9897714, 0.8961812, -1.022919, -1.228696
2.420202, -2.483966, -2.461443, -2.670424, -2.40403, 2.336458, -2.268918, -2.371116, 2.571779, 2.188039
-2.035993, 1.948505, 2.028392, 1.932393, 2.04768, -1.910682, 2.05384, 2.029744, -1.809549, -1.732895
2.066869, -2.086509, -2.097275, -2.018253, -2.13467, 1.879266, -1.939734, -2.087632, 1.935008, 1.729515
1.97292, -2.18698, -2.220253, -2.173714, -2.094149, 1.65914, -2.196438, -2.280416, 1.930815, 1.580204
13.17963, 8.941005, 7.425789
-13.64279, -9.121288, -7.468717
-13.66543, -9.188199, -7.560405
-13.70803, -8.842237, -7.724015
-13.69209, -9.177918, -7.285065
12.50725, 8.386397, 7.101908
-13.72865, -9.36156, -7.233242
-13.81929, -9.376966, -7.282337
13.03855, 8.581266, 7.238224
11.96849, 8.404514, 6.826338
15.31855, 12.13693, 8.674597
