3x50x50x3
-0.009533349, 0.008064636, -0.00635048, -0.001105514, -0.006374826, 0.008990197, 0.006348835, -0.00805684, -0.001278932, -0.009088245, 0.008530942, 0.0001403334, -0.008196813, 0.003291391, -0.006244885, -0.002536985, 0.009429301, -0.0001708909, -0.0009516677, 0.00190099, -0.006320036, 0.006095177, -0.001721993, -0.002345522, -0.0009521018, 0.003262224, -0.003724585, 0.006622826, -0.0007335171, -0.002309538, 0.004243106, 0.001564917, -0.007874862, -0.005674028, -0.00230841, -0.009673355, 0.009549292, -0.003189096, -0.006351941, -0.003010838, 0.0004987182, -0.00604232, -0.005264661, -0.007016633, 0.004493323, -0.0008761678, 0.00193553, 0.008584345, -0.0008994651, -0.00838655
-0.006536118, -0.007578209, 0.005425057, -0.004504947, -0.008578332, -0.005832851, -0.003495662, 0.008191111, 0.003015486, 0.008757335, 0.007075355, -0.007135263, 0.005808305, 0.003677129, 0.004997605, -0.005931638, 0.001931228, -0.000441886, -0.009107727, -0.009284248, -0.003251952, -0.005276939, 0.0007393641, 0.008585894, 0.004429013, 0.00407578, 0.007159546, 0.003144626, -0.0005000412, 0.009019847, -0.001235045, 0.003180494, -0.005211704, -0.00155743, 0.0005494516, -0.001923073, 0.004749686, 0.008462626, -0.009414865, -0.009431809, 0.004905047, -0.005207744, -0.003412575, 0.005735987, 0.002030339, -0.003740905, 0.000442559, 0.0082584, 0.001407061, 0.004515983
0.005859829, 0.009542421, -0.0004247077, -0.009102303, 0.001798544, 0.008740821, 0.001682427, 0.006839163, 0.001066041, -0.002654112, -0.002992398, 0.003359711, -0.001308848, 0.003995639, -7.619611E-06, -0.006105138, 0.008076441, -0.002634264, -0.006872323, -0.003079322, -0.0006813244, 0.003468601, -0.001027021, -0.009675917, -0.004189295, -0.008044207, 0.008135636, 0.005003377, -0.003444444, -0.001830082, -0.006366779, 0.008901144, -0.008262435, 0.004983976, -0.006839981, -0.0007774657, -0.006394798, -0.006109402, 0.006644026, 0.001808631, 0.006394501, 0.007910524, -0.002603414, 0.003239246, 0.003560588, -0.008454664, 0.006101103, 0.002591785, -0.004256393, -0.001864523
0.009406816, -0.0005063516, -0.002465503, 0.005320031, -0.0004118476, -0.006244727, 0.007520698, -0.0006250233, 0.001450283, 0.0004908678, 0.009743235, 0.005267169, 0.008153195, 0.003005578, 0.007997562, -0.0007412183, 0.001116148, 0.008390315, 0.009625992, 0.002827451, -0.009334548, -0.006261412, -0.002210147, -0.006883353, -0.008251688, -0.00394637, 0.00982639, -0.009276586, -0.007202532, -0.004503676, 0.005888908, -0.004372389, -0.0002685851, -0.004767313, -0.006447155, -0.0009049242, -0.001915696, 0.00786549, -0.003598254, 0.004013333, 0.0001747439, -0.007993197, -0.008590615, 0.009602911, -0.0008943054, -0.003749135, -0.003595334, -0.002208943, 0.0004675652, 0.008546592
0.05230839, 0.07808861, -0.09115804, 0.06456164, -0.02000762, 0.06646046, 0.09506522, -0.05204284, 0.002315321, 0.0257705, -0.05379216, -0.08265777, -0.07108773, 0.04987378, 0.02822382, -0.08956837, 0.09599569, 0.03544827, 0.09737219, 0.09724825, -0.03612037, 0.04796233, -0.002087867, -0.08482333, 0.01351991, 0.04778128, 0.08627556, -0.0401965, 0.0633487, 0.03500612, -0.07876967, -0.06066084, 0.009674778, -0.02328932, -0.07270937, -0.08266857, 0.08905349, -0.09196001, 0.02267598, -0.03130393, -0.02738994, 0.07368422, 0.09415372, 0.03395028, -0.08757506, -0.02745078, -0.03020506, 0.04574863, 0.05289216, -0.08009407
-0.07100531, -0.007660111, 0.04000483, 0.001460661, -0.04974228, -0.04973298, -0.02250572, -0.07251598, 0.03452813, -0.09417301, 0.05899409, -0.02441282, 0.04278434, -0.08820078, -0.05155484, -0.06134798, 0.003673291, 0.0787045, 0.04390366, 0.06579091, 0.01228434, -0.0767169, 0.01041185, 0.07351244, 0.03951003, -0.06856034, -0.07228068, 0.01286047, -0.0869571, -0.07848214, 0.001084354, 0.01277103, -0.03214441, -0.08298144, -0.005787799, 0.08027018, -0.05742652, -0.02777644, -0.08962306, 0.0438867, -0.03361041, 0.006466256, 0.01889946, -0.09340205, -0.005215889, 0.09696204, -0.05689257, -0.04200429, -0.07225214, 0.00709661
-0.01715117, 0.07418767, -0.03399871, -0.04588498, 0.03939317, -0.09428841, 0.08192804, 0.06649239, 0.06195063, -0.08118194, -0.0774523, 0.06463381, -0.08555888, 0.01301026, 0.004742632, -0.05377694, -0.09226841, 0.02576579, 0.01758703, -0.03182502, 0.09607854, -0.06855027, 0.06832756, -0.09998303, -0.0005986725, -0.09418192, 0.004383649, 0.003813896, -0.02127167, 0.04254799, 0.08833223, 0.06972361, -0.0148874, 0.005946296, 0.03866904, 0.02689668, -0.05323026, -0.08625943, -0.02237461, -0.01149939, 0.09834214, -0.0239189, 0.01027293, 0.09155887, 0.021339, 0.001755776, -0.007974862, -0.0941108, 0.001855319, -0.05143895
0.08923045, 0.01734165, 0.04040869, 0.05957288, 0.01101807, -0.0486009, -0.09413989, -0.03401568, 0.05471369, 0.03357508, 0.001327942, -0.02188585, -0.01223594, -0.08059736, -0.06951416, -0.04717591, -0.02047879, 0.008494821, 0.07434122, 0.07784595, 0.09945332, 0.09399103, -0.0518596, -0.07091358, -0.03016715, 0.01999744, 0.0211768, 0.07676869, -0.02132202, 0.09764555, 0.01379295, -0.001505552, -0.09804142, -0.06983273, 0.05331754, -0.02900942, -0.07068507, 0.02553972, 0.09492823, -0.01273006, 0.02103657, 0.08078542, -0.04097313, 0.04405031, 0.08717267, 0.02022799, 0.08831704, -0.009129714, 0.06107303, -0.03148509
-0.07776543, 0.08353031, -0.06845202, 0.02400937, -0.05089227, 0.09523942, -0.03079876, 0.01132227, -0.01025997, 0.09102063, 0.03022229, -0.07090858, 0.08730634, 0.05706814, -0.08021787, -0.09716651, -0.02384443, -0.04240322, -0.0339149, 0.05949527, -0.07649084, 0.05398148, 0.0135666, -0.01292872, -0.04319062, -0.0813321, 0.03496415, 0.004090095, -0.05808625, 0.04960487, 0.03168041, -0.06969348, -0.08430435, -0.08983693, 0.07541098, 0.03026263, -0.03305354, -0.0220508, 0.08105955, 0.05807812, -0.09821067, 0.01799266, -0.0642003, -0.0960924, 0.05704764, -0.008054858, 0.09347907, 0.001958732, 0.02426817, 0.08433918
-0.05592759, 0.03072025, -0.07521481, -0.09842224, -0.05499425, -0.03174692, -0.03003628, 0.04447671, -0.03280001, -0.06956017, -0.03972473, 0.06511115, -0.03059148, 0.04013516, -0.04065978, -8.42229E-05, -0.08660423, 0.07714328, 0.08165716, -0.0104805, 0.03588703, 0.09820636, -0.02346276, 0.008006979, 0.05770593, 0.005516504, 0.01818179, 0.009659001, 0.03002363, 0.06486423, -0.07481118, -0.06699458, 0.07982192, -0.04242543, 0.005532451, -0.09903985, -0.09447867, -0.08588211, 0.06515732, 0.007157898, -0.03970109, 0.02246976, -0.08925079, 0.05061971, -0.00219715, -0.06332181, -0.05141587, -0.004335463, 0.04456738, -0.04286813
-0.02145063, -0.08366421, 0.02030157, -0.06525133, -0.05154786, -0.05413395, -0.04581699, 0.01677821, -0.05612817, 0.03948924, 0.0500713, 0.06030472, -0.08554693, 0.002335759, -0.094749, -0.07273015, 0.08528922, -0.08816605, -0.06539729, -0.04161993, -0.005605554, 0.09927788, -0.08801404, -0.02550074, -0.07077942, -0.08658274, 0.08745716, 0.02591753, -0.08979587, 0.02102774, -0.04306763, -0.07748275, 0.06509162, -0.02710823, -0.01368514, -0.09114697, 0.01270385, 0.04507324, -0.09087758, -0.0403336, 0.04677714, -0.01125688, 0.07024606, -0.07433192, 0.0570866, -5.805166E-06, 0.00801669, 0.008413452, 0.0453687, -0.029467
-0.04861104, -0.06324982, -0.03893817, -0.01381269, 0.06273742, -0.02072851, -0.09565017, -0.05419769, -0.09447191, -0.06496512, -0.0415911, 0.02826548, 0.00657408, 0.02284409, -0.01744313, 0.02755405, 0.09521309, 0.0415613, -0.08397911, 0.09639797, 0.014566, -0.05978402, -0.09728847, 0.07493631, 0.01160292, -0.09434868, -0.07096817, 0.08631789, 0.01741266, 0.02922639, 0.005400578, -0.0209563, 0.08054883, 0.03967113, -0.03036122, -0.07981781, 0.06145542, -0.02109568, 0.01015435, -0.09295662, -0.0954968, -0.03309847, 0.03954516, 0.07408755, -0.09874249, -0.08148833, 0.08216904, -0.05259804, 0.04311121, -0.07046746
0.004781101, 0.06645539, -0.007607442, 0.04897073, 0.055967, -0.08882702, -0.06596135, -0.01387448, 0.07458439, 0.0570861, -0.04976034, -0.08196805, 0.02838965, -0.0236983, 0.0296343, 0.07936519, 0.04771665, 0.06690295, -0.04679469, -0.03762532, 0.06609863, 0.01630878, -0.06859305, -0.09102248, 0.09189478, -0.05233553, 0.0006708273, -0.07137603, 0.07367881, -0.00690874, -0.07651772, 0.08162986, -0.05679332, -0.01211988, -0.07555471, 0.03894519, 0.08665115, -0.0684219, 0.08370414, -0.04153419, 0.08614354, -0.0246701, 0.004319934, 0.05306825, 0.05680371, 0.08647124, 0.03851188, -0.03675655, -0.05554676, -0.07810768
-0.02920499, -0.08473391, 0.09419666, -0.01926348, -0.03656609, 0.08847232, 0.03504843, -0.01658496, 0.05707595, 0.008302524, 0.01050215, -0.09458532, 0.01244672, -0.01850688, 0.03360381, -0.0313902, 0.07482527, -0.05949047, -0.04814359, 0.09068912, 0.09271405, 0.01613855, 0.08319882, 0.0947395, -0.02376886, -0.00923127, -0.08801116, -0.0216613, -0.0478262, -0.09457647, 0.009152591, -0.06257263, 0.08417074, 0.05178649, -0.07770376, -0.09178381, 0.0874332, 0.06247016, -0.0755538, -0.06402703, -0.09610324, 0.003236105, -0.02549785, -0.02459839, 0.04796366, 0.08072886, 0.06288318, -0.07717319, -0.08053556, -0.01180609
-0.08835403, -0.001997653, -0.08861297, -0.04623587, -0.07082174, 0.05465647, -0.06793272, 0.09945716, -0.09549462, 0.07266518, 0.07648348, -0.04329027, -0.06875876, 0.05165242, 0.09914993, -0.02692522, -0.07875606, 0.06066023, -0.04080312, 0.02538763, -0.0188234, -0.08764489, -0.08393667, -0.08411656, 0.08679236, -0.01052206, -0.05836361, 0.007797208, -0.05322416, -0.004497716, 0.02788555, 0.08916204, -0.04112573, 0.06397989, 0.09377756, -0.08884976, -0.07395966, 0.0304066, 0.02260822, -0.03236023, 0.07614891, 0.08797605, 0.05796478, -0.04821898, -0.04051052, 0.04718703, -0.02800513, 0.02284973, -0.02374832, -0.02511112
0.05948492, -0.09777705, 0.06362993, -0.005923188, -0.09298269, 0.09929087, -0.01806098, 0.09550359, -0.03302822, 0.03970032, 0.01302007, 0.02427007, 0.05268132, 0.009003095, -0.05522036, 0.08732145, 0.09783547, -0.03273866, 0.05787486, 0.08799969, -0.05296556, -0.009162657, -0.061948, 0.09155711, 0.04923871, -0.006799445, -0.04560967, 0.06428231, 0.05639397, -0.06039467, -0.08251692, 0.01878667, -0.06845447, 0.07188696, 0.03601737, 0.02566259, -0.0744679, 0.06479745, 0.05696258, 0.09448669, 0.02921123, -0.06946325, -0.03656518, 0.08290791, 0.0546197, -0.04812115, -0.06470527, -0.05103832, -0.09299862, -0.02783196
0.04935157, -0.09526648, 0.06497487, -0.01174801, -0.07214556, -0.03135243, 0.06417095, 0.07207283, 0.0448381, 0.01381676, 0.04490054, 0.01765671, -0.06089038, -0.07263354, 0.02221725, 0.09423341, -0.007275464, 0.08079436, 0.07298573, 0.01911705, 0.06178934, -0.066962, 0.01029876, 0.06338818, -0.04121154, -0.08350231, -0.07259747, -0.0448559, -0.06306259, -0.002640137, -0.04209417, -0.09457136, 0.05728093, -0.01577407, -0.009746241, -0.08725046, 0.0538118, 0.04329354, 0.04403252, -0.03263021, 0.06149164, -0.04654072, -0.08004065, -0.05685418, -0.05041385, -0.08844548, 0.09142713, -0.06393164, -0.03930934, 0.06038629
0.05915431, -0.04549963, -0.02402405, -0.01211566, 0.01037869, 0.01631356, -0.005565239, -0.0984133, -0.07053647, -0.08864325, -0.05875495, 0.009026851, 0.03513542, -0.05252176, -0.04408907, 0.03947189, 0.06037578, 0.0548837, 0.0371127, 0.009467698, -0.05957839, 0.04943099, -0.06323816, 0.005615937, 0.05762541, 0.008330065, -0.08692135, -0.03284706, 0.01380202, -0.05276606, -0.07492943, 0.09133416, 0.09445345, -0.02344889, 0.03820555, -0.09659454, 0.02945269, -0.03060341, 0.07384723, 0.0739402, 0.01831479, 0.0522251, 0.01383002, 0.03267576, -0.07387526, -0.04753521, 0.01832386, 0.07248112, 0.08723489, 0.01011426
-0.04882126, -0.06345658, -0.001044335, 0.05122296, 0.01996468, -0.09027668, -0.08226147, 0.07036002, 0.03025893, -0.09795137, 0.003234905, -0.07271818, -0.01221532, 0.08222959, 0.08628619, -0.05008911, 0.01457341, -0.04141569, 0.009272688, -0.04749453, -0.0899808, -0.009020816, 0.08103646, 0.0631725, 0.09115291, -0.01180348, -0.06439903, 0.004086078, -0.02050881, 0.005160618, 0.09000621, -0.05940246, -0.02008194, -0.09631225, 0.09605519, 0.08852715, -0.007621503, -0.05676952, 0.05658643, 0.02848223, 0.08566692, 0.05909267, 0.03913767, 0.07179861, -0.02929471, -0.00896703, -0.03555958, 0.03160043, 0.04638958, 0.07621386
0.03789138, -0.04026045, -0.03679157, 0.03472941, 9.506052E-05, 0.06019956, -0.04449304, 0.03578317, 0.06007005, -0.06823184, 0.07412234, 0.01365245, -0.009131174, -0.07490169, -0.08795758, -0.03736264, 0.04736376, -0.01590308, 0.08617439, 0.09775904, 0.05753239, -0.02865708, 0.001997876, 0.08079045, -0.03316145, -0.04907347, 0.05184152, -0.09076215, -0.007532799, 0.0001199399, -0.07624391, 0.004000551, 0.0576965, 0.003277336, 0.06726924, 0.03026666, 0.07738911, 0.04518864, 0.003592695, -0.06414437, 0.03302018, 0.05659533, -0.01683957, 0.02481827, 0.05435989, -0.02798553, -0.03177616, 0.01403935, 0.05975619, -0.09193207
0.04366921, 0.0803435, 0.04542604, 0.04863054, -0.08131853, -0.03345155, 0.05774168, -0.01758203, -0.03210913, -0.05083147, -0.09164196, -0.05373089, -0.05668403, -0.04004989, -0.09198794, -0.02987821, 0.05595595, 0.08759149, -0.04217093, -0.01822424, -0.01475175, -0.09782488, 0.08050423, 0.05031876, -0.03526115, -0.09906294, 0.08818249, 0.07717961, -0.07356944, 0.09482408, 0.08270269, -0.06219783, -0.05051834, -0.01560073, 0.05645073, -0.0565874, 0.05857452, -0.09093405, -0.01540413, 0.0007207801, 0.07252498, -0.005028861, -0.02270223, -0.04557583, -0.0725024, -0.01324893, 0.01327936, -0.07678968, 0.0168062, -0.0157619
0.01605852, -0.01936765, -0.04378972, -0.02201958, 0.02281968, 0.04149409, 0.09983927, 0.09510728, -0.01610831, -0.08225559, -0.02163404, 0.08056207, -0.04401259, -0.02693321, -0.03353416, 0.07055587, 0.09678745, 0.0589167, 0.003499378, 0.06459946, 0.01154727, 0.04689, 0.002995624, 0.05710829, 0.009250784, 0.09027712, 0.02487735, 0.02608006, 0.02282116, 0.07798778, -0.0123423, 0.06497217, -0.03962659, 0.04219246, -0.02123445, 0.002070337, 0.08159189, 0.07150124, 0.0615796, -0.08504336, -0.05642667, 0.06346723, 0.02517427, -0.03314854, -0.07764518, 0.09196292, -0.06101627, -0.09576903, 0.08795833, -0.04305828
-0.01003637, 0.05436267, 0.01971094, 0.05220674, 0.07269083, 0.06916853, 0.07763673, -0.0008980159, 0.06872964, 0.03254256, -0.08338326, -0.0262408, -0.02771388, 0.005903905, 0.03008671, 0.0133938, 0.02018866, 0.01379495, 0.09430125, 0.0643955, 0.08896399, -0.0747138, 0.0973371, -0.01145727, 0.02102613, 0.04808004, -0.07828428, -0.06385583, 0.03475348, 0.01728787, 0.05129339, 0.02064637, 0.03812173, -0.03412056, -0.01197585, 0.03329504, -0.05473878, 0.008166666, 0.06950163, 0.009597024, 0.02443361, -0.0175101, -0.0972284, -0.07096297, 0.09833992, 0.06981413, -0.008818884, -0.08072963, 0.03676475, 0.00896102
-0.02822575, 0.02518877, -0.09007027, -0.07643718, -0.03202226, -0.03532258, 0.05702556, -0.06883179, -0.06881939, -0.07538921, 0.0474528, 0.04149256, 0.0643485, -0.04855823, 0.08124917, -0.004029637, 0.03563747, -0.09359331, -0.08212025, 0.09679168, -0.03186743, -0.08797801, 0.04429333, -0.01529578, -0.06003811, 0.006474083, -0.0774854, 0.06830007, -0.009797178, 0.051212, -0.04310108, -0.09755464, -0.0006205785, -0.07420754, -0.05448638, -0.07389539, 0.01071664, 0.0145589, 0.0979017, -0.07665327, 0.07626947, -0.08590699, -0.02301395, 0.04489084, 0.06214422, 0.08294105, 0.0181414, 0.05132983, -0.05221214, 0.002369547
-0.06582334, -0.01522557, -0.09860939, 0.03997307, -0.05917155, -0.04024775, 0.08089545, 0.02522551, 0.08360094, 0.06150366, -0.05783718, 0.0887255, 0.04096539, -0.02003139, 0.06771187, 0.04500744, -0.05788686, 0.03855605, -0.09407185, 0.05514456, 0.08525372, -0.07892143, -0.09149501, 0.09453302, -0.07947779, -0.04596044, 0.03503594, 0.09940249, 0.02256, -0.04297916, 0.08833268, -0.02881523, 0.0205122, 0.08783328, 0.01703534, 0.0721245, -0.09894525, 0.05940635, 0.08496401, 0.08576136, -0.05479084, 0.08549113, 0.03095797, -0.06360196, 0.08118391, 0.08754397, -0.02687238, 0.09701744, 0.07717897, -0.08286322
0.04082791, 0.07958535, 0.04540168, -0.007356694, 0.01711582, -0.08690191, -0.02373056, -0.09314241, 0.01945087, 0.08678889, 0.02471632, 0.08149297, -0.09733449, 0.0265801, 0.07317097, 0.07097805, -0.0317867, 0.05313212, 0.06293327, 0.09558738, 0.0439527, -0.01729321, 0.05359203, -0.07983321, 0.009935395, 0.0997626, -0.009879399, 0.07210694, -0.08665089, -0.06702177, 0.08091195, 0.0380185, -0.07777648, 0.005423217, 0.01619293, -0.09125267, 0.02578309, -0.0721311, -0.02928255, 0.003937247, -0.004144953, 0.09419715, -0.06004452, 0.09817513, -0.03895495, -0.0362838, 0.08282562, -0.09562213, -0.03677293, -0.08979414
0.01933067, 0.0199955, -0.06591584, 0.0815916, -0.02681591, -0.04187888, -0.07400668, 0.02523489, 0.08270791, 0.01735323, 0.02297749, 0.004162502, 0.0935085, -0.01352736, -0.09412307, 0.08669782, 0.05926945, -0.002757703, -0.08961284, 0.06442364, -0.05480504, -0.0596556, -0.01758533, -0.04100397, -0.0002676714, 0.04975555, -0.0572487, 0.05541691, 0.05912175, -0.05378081, -0.08306302, -0.01425727, 0.008879868, -0.09685676, 0.01364756, -0.03908356, 0.003934332, -0.05936809, -0.06776087, -0.04192819, 0.08275402, -0.0994518, -0.05483902, 0.05336422, 0.08095976, 0.09169254, -0.09931134, 0.05348285, 0.09229819, -0.02565277
0.004446748, -0.01441668, 0.09399071, -0.001196561, 0.0650109, -0.02101373, -0.06241917, 0.07508814, -0.01814073, 0.02342854, -0.08463018, -0.02942359, 0.06611314, 0.03648872, 0.0004162482, -0.06276524, 0.09528264, 0.09036525, 0.07282508, 0.0449605, -0.01723652, 0.01863753, -0.03499683, 0.05231535, 0.08166962, -0.05535323, 0.09518342, 0.02905045, -0.02196373, 0.008039784, 0.04906689, -0.01073154, 0.06311872, -0.01522549, 0.04177245, 0.03135366, -0.008247983, -0.08992357, -0.06186765, -0.06533871, -0.07666439, 0.02884619, 0.05877265, 0.008810592, -0.05729801, 0.0121776, -0.06556495, 0.008672268, -0.04705203, 0.043725
0.09640991, -0.0896766, 0.08065777, -0.05266231, 0.09158375, 0.08580922, -0.07941985, -0.05832464, 0.01713382, 0.02036413, -0.01619716, 0.008530389, -0.002948135, 0.07381949, 0.07436164, 0.02610136, 0.007457695, -0.01866137, 0.09471627, 0.06906258, 0.04548274, 0.0852062, 0.0522329, 0.03816379, 0.02162488, 0.05391729, 0.05986489, 0.05619258, 0.009613357, -0.03050798, -0.08978828, -0.01348884, -0.02389753, 0.03431128, 0.01162987, 0.03874348, 0.008610694, 0.01578102, -0.006809235, 0.05596324, 0.01077351, -0.04992334, -0.007057388, 0.01776822, 0.05085845, 0.01480522, -0.06820567, 0.08495317, 0.03444894, 0.01660064
-0.0952801, 0.05309642, 0.013956, -0.01611461, 0.09824225, -0.0887963, -0.04190949, -0.05750602, 0.02571281, -0.06233354, -0.07405567, -0.03561242, 0.032062, -0.0523582, 0.01015241, 0.09729169, -0.06757209, 0.06274059, -0.03781039, -0.06438184, -0.08250934, 0.09167667, 0.08814787, -0.06124697, -0.04171093, -0.004593914, -0.007736408, -0.06553532, 0.08730534, -0.09318034, 0.02212296, 0.07491172, -0.07825637, 0.09301272, -0.03522789, -0.0428847, 0.07255515, 0.09221709, 0.03606903, 0.0004261664, -0.01934703, -0.03388328, 0.09006821, -0.04447569, 0.03001891, -0.05361407, 0.01801465, -0.05469919, -0.09238419, 0.05356675
-0.01762269, -0.03094626, 0.02276356, -0.001169218, -0.0008900255, -0.08695676, 0.06494855, -0.02479703, -0.07440369, 0.002836165, 0.01894012, -0.07637417, -0.04481137, 0.01889315, 0.0155435, -0.04896739, -0.05735605, 0.03904928, 0.08286969, -0.04696289, -0.07526346, -0.05978917, -0.07332844, 0.06176345, 0.05496519, 0.05137394, -0.09839154, 0.03262356, 0.008734126, -0.08809686, 0.07739143, -0.05303722, -0.07315113, -0.06626141, 0.02444236, -0.04693078, -0.04785184, 0.02291285, -0.006097255, -0.04827113, -0.007833249, -0.002647819, 0.06662077, -0.06676714, 0.08148605, -0.04297286, -0.08907191, -0.02882494, 0.03998081, -0.02101371
-0.09625801, 0.07896537, -0.03756888, 0.05457871, 0.02883022, -0.05783353, -0.05761782, 0.06100011, 0.0438656, 0.04773603, -0.08856522, -0.06767501, 0.06646885, -0.08630683, 0.02544473, -0.02802267, 0.09677697, -0.07854997, 0.09445079, -0.03752572, 0.09888445, 0.0197311, -0.05485346, 0.03114082, 0.06087036, 0.02738436, -0.02640994, 0.0934387, 0.08027739, -0.002061955, 0.04044586, 0.0304334, 0.09264275, -0.07025217, -0.09183885, 0.09842606, 0.08453166, -0.02772984, 0.004908374, -0.01772412, -0.08931296, -0.008851948, 0.07904726, 0.04616671, -0.05970591, -0.04015824, 0.03088334, 0.05292759, 0.007788128, 0.00950872
-0.03974982, 0.08947805, -0.02327573, -0.02249348, -0.01989816, -0.01598911, 0.03381883, 0.03129029, 0.09370835, -0.09855414, 0.06857641, -0.05105652, 0.08072272, -0.05407245, -0.09270982, -0.01899862, -0.06031777, 0.03672101, -0.09446798, 0.02701868, -0.01255433, 0.0245068, 0.01654167, 0.01217491, -0.04821276, 0.007736397, 0.04068385, -0.001020176, -0.009153271, 0.001028594, 0.09650102, 0.02066248, -0.01434943, -0.02923133, -0.06231213, 0.05096781, -0.04629087, 0.01513623, 0.04964599, 0.02415026, -0.03539278, -0.04675863, -0.02143819, 0.003462512, 0.01369948, 0.06174355, 0.01042533, 0.0331197, 0.03887654, 0.05929272
-0.07984047, 0.09416232, 0.04739556, 0.08076946, -0.07793695, 0.03574337, -0.02706361, 0.06454936, -0.07428072, 0.07236545, 0.04332704, -0.06516099, -0.05955644, -0.007320247, -0.09505516, -0.05208607, 0.06329291, 0.009954046, -0.09176032, -0.04367763, -0.07270776, 0.02454601, 0.08707502, -0.01861823, -0.03758855, -0.0657957, -0.05405501, -0.08692085, 0.09847543, -0.009956308, 0.09731106, -0.09243586, 0.06010329, 0.03155401, -0.01913093, -0.0976613, 0.07326692, 0.004881118, -0.05129438, 0.001944493, -0.02196858, -0.01084022, -0.01058305, 0.07728054, 0.08082322, -0.07023179, -0.0872022, 0.08588206, -0.00148233, -0.03421446
0.09845065, -0.09952872, 0.02488002, -0.01744583, 0.03200047, -0.004386478, -0.0929127, -0.03398621, 0.01835801, 0.08785875, -0.01020162, -0.04014277, 0.06607392, 0.03567559, 0.07505438, 0.0357629, -0.02526428, 0.008889554, -0.08818931, -0.09739386, -0.02535299, -0.04158821, -0.03875158, 0.006295189, 0.07829095, 0.03813246, -0.06487095, -0.09020551, 0.0005585484, -0.06735677, -0.07859351, -0.03993707, 0.01456148, 0.03268989, -0.008406949, 0.09683978, -0.01731588, -0.02245088, 0.09955354, 0.08525554, 0.0952514, 0.007253124, 0.08652312, -0.03915313, -0.08785389, -0.08182582, 0.02308586, 0.05374137, -0.09777385, -0.05493968
0.05503249, 0.003908252, 0.07407138, -0.004088475, 0.09113853, 0.04003885, 0.03922287, -0.08141517, 0.004263215, 0.09386802, -0.03951553, 0.09729281, 0.06545524, -0.01428523, 0.06645226, -0.07026455, 0.04529575, -0.06661598, -0.05591746, 0.07821461, -0.04692122, 0.09718661, 0.009336019, -0.07344486, -0.09264526, 0.06739389, -0.02811132, -0.09959844, -0.005850919, 0.06011677, -0.0849534, -0.01861231, -0.09243166, -0.04450177, -0.02238926, 0.01749824, -0.01400844, -0.08135004, 0.04155136, 0.0515542, -0.04238309, -0.03590072, 0.0732859, -0.09431448, 0.02477108, 0.09795859, 0.04179788, 0.0008083415, -0.005605394, 0.08241066
-0.02712157, -0.01029817, 0.009658828, -0.07598846, 0.09198154, 0.05784589, 0.09457224, 0.04751623, -0.01144322, -0.07625536, -0.03184983, 0.03882131, 0.02443575, 0.04414645, 0.07882141, 0.07909678, 0.08972447, 0.009957015, -0.09189597, -0.05104598, 0.0437439, 0.02664579, -0.00816733, -0.007471668, 0.02059769, 0.0889795, -0.0760993, 0.003650497, 0.001784069, -0.09060385, -0.07440399, 0.07108034, 0.006006948, 0.01173843, -0.01276167, 0.02534476, 0.07172886, 0.08355679, -0.03648331, 0.01976486, 0.02292601, 0.03847533, 0.03009318, 0.01780672, -0.01659597, 0.0187956, 0.03966353, -0.07086054, -0.0731359, 0.0456743
-0.09176588, -0.06815913, -0.007295691, -0.05455942, -0.06133325, 0.04623264, 0.09786917, -0.08286951, 0.003413852, -0.09699796, 0.03394518, -0.009078263, -0.05426784, -0.02083937, 0.09814863, -0.002930171, -0.06718564, -0.08730268, -0.04309189, -0.04652335, -0.09263209, -0.09383231, -0.05355968, -0.01166082, 0.02602802, -0.09473143, 0.09655262, 0.07402595, -0.09087571, -0.09819791, -0.05068403, 0.09476125, -0.02321361, 0.05610977, -0.09883797, 0.09375515, -0.02162397, -0.03943364, -0.02692832, 0.04100569, 0.0274756, 0.05459837, -0.01985707, -0.03948535, 0.08581968, -0.06799573, -0.007256831, -0.04906745, 0.01965809, 0.08633421
-0.01401876, 0.02696621, 0.07223134, 0.07338746, 0.03830639, -0.09793357, 0.08540054, -0.09563487, 0.01941257, -0.06660182, 0.04968003, -0.07615679, -0.0919938, 0.00161176, 0.05368607, 0.03918393, -0.08586466, -0.01037761, -0.0220014, -0.09560651, -0.0813062, 0.072248, 0.03962564, 0.01590242, 0.02600105, -0.04723046, 0.02602475, 0.08592567, 0.002519502, -0.005976252, 0.0125254, 0.04562007, -0.04563213, -0.07720991, 0.01582085, 0.02234976, -0.07747009, 0.003398936, -0.08219662, 0.0990956, -0.0916454, -0.0259891, 0.0411538, -0.0603265, 0.09132567, 0.003632387, 0.04659217, 0.07853118, 0.006828588, -0.05336425
-0.08213108, -0.09687922, 0.07293395, 0.0152646, 0.06764041, 0.01373324, 0.08734056, -0.04367108, -0.0526136, -0.01446316, -0.02395832, 0.09947488, 0.00184563, -0.07461118, 0.02087278, -0.09594005, 0.06947535, 0.08521611, 0.08579091, -0.06866369, 0.01665402, 0.01073641, -0.02818099, -0.021097, 0.09603889, 0.0446829, -0.0689058, -4.785792E-05, 0.02457676, -0.07763133, 0.006177378, 0.04749358, -0.02090292, -0.04411624, -0.02384518, 0.009404623, 0.07268612, 0.03910327, -0.04485032, -0.09791239, 0.0350092, 0.06620099, -0.04398747, 0.03226654, 0.02305392, -0.09112027, 0.07216527, 0.01576498, 0.01880073, 0.08726571
0.03415704, 0.06137606, 0.09274027, -0.02450772, 0.02998172, 0.007132515, 0.03130177, -0.005969054, 0.01922572, -0.0770425, -0.01736096, -0.01261158, 0.03175217, -0.07498226, 0.07935946, 0.0285481, 0.0203778, -0.05403813, 0.049234, -0.08853184, -0.06862616, -0.06962793, 0.03006642, 0.08370329, -0.00367289, 0.05045304, -0.04527612, 0.03955247, 0.05584909, 0.08715916, 0.07251763, 0.01532922, 0.08115142, 0.03731105, -0.01178838, 0.04480132, 0.05475331, -0.0963952, 0.02590203, 0.06902231, 0.07810285, -0.02134483, -0.08012246, -0.06780782, 0.01944857, -0.05237923, -0.06555118, -0.06900521, 0.05290708, 0.09450582
-0.01149807, 0.02620339, 0.06653099, 0.007332571, 0.05589187, 0.003784965, -0.06869037, -0.09096303, 0.07916517, 0.07952869, -0.04759136, 0.0917493, 0.03818186, 0.03206657, -0.04956013, 0.06730982, 0.006237006, 0.09444112, 0.03680611, -0.06544185, 0.07379479, 0.016773, 0.02005984, 0.08021168, -0.0666347, 0.05271867, -0.08950547, -0.002125756, -0.03574528, -0.05129366, 0.01600422, -0.07627092, 0.08664539, 0.06134327, -0.001342776, -0.05368576, 0.04879824, -0.02618115, 0.08141918, 0.08442666, 0.01349168, 0.04571634, -0.07556038, 0.04637335, 0.01661367, 0.08635355, 0.04047331, -0.01218902, 0.08175231, 0.05213876
0.04138377, -0.05999231, -0.005811316, 0.01834893, -0.07928897, 0.07172893, -0.09385645, 0.0863193, -0.02603273, -0.0968268, -0.006709566, 0.03343539, 0.04478225, 0.03045883, -0.03647554, -0.07132044, -0.09489609, 0.07683859, -0.06659066, -0.09587437, -0.08148842, -0.06758184, -0.08697806, 0.05237946, 0.02106646, -0.07192155, -0.00766663, 0.0736865, -0.03640198, -0.05298825, -0.08775464, 0.02268355, 0.01612194, 0.01211597, 0.007322568, -0.02400347, 0.02954039, -0.03170353, 0.04063225, 0.02692829, -0.05982931, 0.06247894, 0.09985158, 0.07824598, -0.008863775, 0.08005629, -0.09906591, -0.006019205, -0.01715112, -0.01206589
0.08124965, 0.06363472, -0.04559836, 0.07762668, 0.03362718, 0.008965609, -0.07301425, 0.04180923, 0.09728246, 0.09263257, -0.02060444, -0.06754295, 0.02272128, -0.07304449, 0.09092785, 0.07060689, -0.08268654, -0.06733372, -0.07686374, 0.08752794, -0.0008608302, 0.03680744, -0.06379366, 0.006481049, 0.06395494, -0.04396737, -0.06743342, -0.06522404, -0.03875677, 0.04101017, -0.07285564, 0.09835257, -0.00916239, 0.07566392, -0.03423789, -0.05138936, -0.03171809, 0.03849526, 0.07848879, 0.09835696, -0.05098922, 0.08773117, -0.02898599, 0.04799968, -0.05246727, -0.09228636, -0.06024234, 0.07289606, 0.08731814, 0.02052934
0.06274284, 0.06826781, -0.02915547, -0.004679049, 0.08879494, -0.05555779, 0.02742838, 0.04792059, -0.08632826, -0.02240546, -0.02360098, 0.09220979, -0.019434, -0.04372771, 0.06548821, -0.01895701, 0.04161945, 0.04705737, 0.06119341, 0.0423172, 0.002324975, -0.0211818, -0.04582251, -0.0752207, 0.03851716, 0.01140801, -0.03420657, -0.01179333, -0.04105168, 0.0562413, -0.08372503, -0.04032948, -0.05254218, 0.04071389, 0.07826734, -0.04112345, 0.02750805, 0.09551666, 0.08686898, -0.07868011, 0.02118226, 0.02036132, 0.02482351, 0.0008942492, 0.02195793, -0.04319901, 0.007165166, -0.08525828, 0.08251146, 0.06648974
-0.03390581, -0.007299706, -0.08829734, -0.05499907, -0.08179563, -0.01607537, 0.01409033, -0.05393478, 0.0568038, -0.02261307, 0.07864878, -0.06077829, -0.01102773, -0.04256956, -0.03868043, -0.0832715, 0.04475196, 0.03985211, -0.02199505, 0.006611666, 0.05353494, 0.04610278, 0.06018839, 0.03987351, -0.07886506, 0.08196366, 0.05399469, 0.05328324, 0.002821371, -0.01828383, -0.09575716, -0.04894829, 0.005695204, -0.007541426, -0.00985289, 0.02357468, -0.05203214, -0.09754311, 0.02250952, -0.005657295, 0.04478622, -0.01855718, -0.06128713, 0.009482047, -0.05732888, -0.01803944, -0.06861096, -0.03260693, -0.06042532, 0.005229429
0.01204902, 0.06731306, 0.03673677, -0.0241002, -0.0870452, 0.01999141, 0.0325119, -0.02817085, -0.07613401, -0.06375929, 0.02992995, 0.06080709, 0.04324386, -0.02491237, -0.02685591, 0.02759707, 0.0335265, 0.0965137, 0.06728333, 0.03774489, 0.06876064, 0.04229507, -0.08265742, 0.08366224, 0.06182545, -0.02790788, 0.007389919, -0.04929366, -0.002797611, 0.03917439, 0.05057462, -0.01339839, 0.01370856, 0.09759194, 0.06966715, -0.06307022, 0.01431494, -0.07020459, -0.02049623, 0.0701557, 0.09106278, 0.07613872, 0.0785909, -0.01373119, 0.06441276, 0.08397913, 0.03819897, 0.06362524, -0.06366204, 0.01507404
0.04843405, -0.06512465, 0.0001097457, 0.00182979, 0.03646879, 0.06975395, 0.04997047, 0.05307453, 0.01407435, 0.04086268, -0.08739851, -0.01819444, 0.07462676, -0.0153084, -0.0143339, -0.05667166, -0.05290147, 0.04565191, 0.005420483, -0.06378569, -0.08671787, 0.003731098, 0.01700993, 0.09712763, 0.04668212, 0.09262192, 0.06370417, 0.03107377, -0.08075052, 0.07784632, 0.03389316, 0.04376468, -0.08563161, 0.08212835, 0.09074034, 0.01569927, 0.08649187, -0.08812124, -0.03887685, 0.09991319, -0.01304069, 0.06124041, 0.01572105, 0.03864109, 0.05755422, 0.009257219, -0.09848805, -0.006100703, -0.09939728, 0.02108442
0.0368806, 0.09254705, -0.04179525, -0.09987635, 0.001791906, -0.05529705, 0.01786542, 0.002982119, 0.05514768, 0.04384687, -0.09395022, -0.0811033, 0.03382504, 0.03622803, -0.09303048, -0.03116319, -0.03256283, 0.09249841, -0.006048733, 0.06996683, -0.04316353, -0.06478024, -0.01547124, 0.005507291, 0.04925499, -0.04795827, 0.08801004, 0.07836884, -0.06042659, -0.06257511, 0.09110997, -0.03019513, 0.03047105, -0.001834936, -0.05903428, 0.0413461, -0.01444008, -0.08575527, -0.01966356, 0.04603738, 0.09783385, -0.01649025, -0.04326891, 0.01727629, 0.09386341, -0.03193739, -0.07258464, 0.07949302, 0.03167157, -0.0112826
-0.05817995, -0.09098646, 0.09994803, -0.06936411, -0.03575205, 0.001660833, 0.008018292, 0.05269746, -0.04913134, -0.05024982, -0.04330709, 0.03949659, -0.0365913, 0.01772278, 0.0527369, 0.03624491, -0.01157435, -0.06434003, -0.004737686, -0.03437658, 0.08327688, -0.04680757, 0.01216197, 0.04791388, 0.07213298, 0.07332672, 0.07848868, 0.06725248, 0.01164388, -0.01880762, -0.07537363, -0.09148297, -0.05330273, 0.05085601, 0.09560484, 0.08209642, -0.03014316, -0.0001648423, -0.06608289, 0.03930489, -0.06667219, 0.03286246, 0.06337608, -0.06941374, -0.01065553, -0.04166273, -0.07989896, 0.03900831, 0.06453939, -0.0423815
0.07963696, 0.09175539, -0.0157693, -0.03395186, 0.00544052, 0.08862762, -0.003148429, -0.04796585, -0.04149709, -0.009078774, 0.02317216, 0.04076582, -0.05894642, 0.06967628, -0.07487619, -0.05182412, -0.007200685, 0.0125527, 0.02211794, 0.07064048, -0.03361194, 0.0885905, -0.09825714, 0.05595743, -0.06770439, -0.04958558, -0.01018365, -0.01842429, -0.04143059, 0.01379571, 0.05322568, -0.06051964, -0.09728691, -0.04597463, 0.00155542, -0.06712902, 0.02428632, 0.08064913, -0.05458451, -0.09302278, -0.01475515, -0.0821773, -0.05866776, 0.04299589, -0.08386727, -0.007438007, -0.008191125, 0.09369981, -0.09453756, -0.05883141
0.06553795, 0.007548342, -0.08310963, 0.09389891, 0.09123044, 0.09104647, 0.09001252, 0.02827328, -0.06624748, -0.04497391, -0.001188733, -0.08472414, 0.09346474, 0.04470721, 0.03769554, -0.01630821, 0.03805273, 0.08702821, -0.03187914, 0.09225284, 0.02388956, 0.01215019, -0.03286279, 0.01514071, -0.01460437, -0.05143464, 0.04725825, -0.04125302, 0.0398247, 0.03973362, 0.05860555, -0.00388345, -0.02388674, -0.08259919, 0.04825776, -0.05432266, -0.07741001, -0.09118582, -0.03720507, 0.01050895, -0.05714155, 0.09601304, 0.0468966, 0.09038939, 0.008165958, -0.03003101, -0.07564204, -0.00337496, -0.09469966, 0.03244094
0.05450927, 0.004780664, 0.02557894, -0.08679039, 0.01727903, -0.04661224, -0.05958887, 0.001749657, 0.00850328, 0.04266508, -0.05621178, 0.03126555, 0.08844858, -0.005981097, -0.003579454, -0.09730528, 0.03916259, 0.07606392, 0.09644944, -0.0079818, -0.0388982, 0.02923854, 0.02423328, 0.05761191, 0.04939438, 0.02787652, 0.06525359, -0.02325218, -0.09302524, -0.08457337, -0.0757926, -0.04936679, -0.04655337, -0.09261624, 0.08522435, -0.04617511, 0.0705376, -0.03709635, 0.0001217864, -0.00513, -0.09473379, 0.02084034, 0.0003109049, 0.02012986, -0.03327927, 0.01159291, -0.09243555, -0.0471223, -0.006031154, 0.005471242
0.0308064, -0.05170596, 0.0001755996, 0.01328215, -0.02866086, -0.07472927, 0.08054738, 0.06796704, -0.03618477, 0.08940251, -0.01186582, 0.06366331, -0.005225097, -0.006923357, 0.01845767, 0.09315501, -0.02218109, 0.08106482, 0.008794548, -0.05740434, -0.06784289, -0.02374106, -0.02405787, 0.00157944, -0.01324801, 0.04026146, -0.07107236, -0.09589658, -0.009108827, -0.06219853, 0.02031206, 0.01237588, 0.08277898, 0.001503513, -0.01537976, 0.07591337, 0.05045761, 0.04016449, 0.03604462, 0.05995363, -0.0267225, -0.09742943, 0.09908842, 0.01071928, -0.09326418, -0.0583971, -0.07393456, -0.09276574, -0.09832782, -0.02643427
0.08069094, 0.06391839, 0.07110411, 0.06756298, 0.02010641, -0.02729363, 0.0627389, -0.08529638, 0.08630174, -0.02808038, -0.02936168, 0.0666082, -0.01221326, -0.01279587, 0.041935, 0.02022584, -0.02777156, -0.06410208, -0.09519894, 0.06697897, 0.09223133, 0.02958071, 0.005705376, 0.06729547, -0.03241084, -0.03345224, 0.04256811, -0.01832993, -0.08851959, 0.02105523, -0.02264249, 0.03805738, -0.05376538, 0.02283678, -0.08794075, -0.002485738, 0.05879154, -0.04602348, -0.01223848, 0.0232069, 0.08257832, -0.03936534, 0.04388386, -0.04657242, -0.0462218, 0.08589178, -0.02380698, 0.08652212, -0.09009505, -0.04832249
-0.0150219, 0.05001541, 0.05194243
-0.06567422, -0.09727912, -0.02167552
-0.04833101, 0.05901162, 0.07045455
0.09508797, 0.004802392, -0.003259497
0.0164676, -0.07707788, -0.02191807
0.07049736, 0.08852462, -0.06858501
-0.03898178, -0.04532549, 0.09715398
-0.01100369, -0.02146094, -0.07597979
-0.004954032, 0.08108721, -0.03880931
-0.07785987, -0.06807487, 0.00746458
0.05067971, -0.07056067, 0.02439038
0.09638977, 0.02956264, 0.01214079
-0.08531932, -0.09766795, 0.01021189
0.02244187, -0.09054811, 0.04419524
-0.02704286, 0.07576267, -0.02969028
-0.0575511, -0.05085976, 0.04405936
-0.08870032, 0.07542755, -0.007567042
0.057781, -0.07604012, -0.07303241
0.05286143, 0.009337403, -0.02659663
0.05879565, 0.03927982, -0.07836632
-0.08286621, -0.07047115, 0.0270865
-0.03701004, -0.05559174, -0.02463694
0.07235012, 0.02007782, -0.00664052
0.06594115, 0.05581668, 0.08619257
0.0212031, 0.03857635, -0.05477739
-0.04704127, -0.08396083, 0.00277639
0.05371049, -0.04740293, 0.03194696
0.01713133, -0.08915955, -0.04350242
-0.08496838, 0.09289871, -0.09452056
-0.002577209, -0.05647166, -0.07977477
-0.06126259, -0.04411496, -0.03694777
-0.01142178, 0.005308083, 0.07992305
-0.08289126, -0.09003283, 0.03135441
0.09494666, -0.02990122, 0.02906242
-0.04930012, -0.05464147, -0.08038914
0.006240389, -0.0634221, -0.01461646
0.08174498, -9.730165E-05, -0.006701767
0.07062698, -0.09491485, -0.01331725
-0.01031329, 2.46116E-06, -0.08131161
-0.02941108, -0.05204166, -0.04849045
-0.03011638, -0.02507267, -0.02345052
-0.02686576, 0.02720373, -6.835577E-05
0.02314034, -0.06737512, -0.06673174
-0.03470044, -0.06415001, -0.093928
0.07142198, 0.05876383, 0.08249829
-0.09711546, -0.03356855, 0.06548192
-0.06311328, 0.008791232, 0.05632081
0.0200959, 0.01567781, 0.04362564
0.026927, -0.03188957, -0.04920012
0.07636948, 0.0988915, -0.09469438
-0.0183579, 0.09833372, 0.08281586
