3x10x10x3
0.006543336, 0.02883823, 0.04664594, 0.042439, 0.04500757, 0.01938501, 0.03959798, -0.02832141, 0.07050093, -0.04466454
-0.02535981, 0.008978091, 0.06697389, -0.005743971, 0.07792822, 0.01711081, 0.09544346, 0.004206682, 0.02868267, -0.09111939
0.08299336, 0.0638003, 0.09372063, 0.06806953, -0.05206572, 0.05963578, -0.05530448, -0.055799, 0.002038111, 0.03661773
-0.00580081, 0.002289224, -0.01079337, -0.008478135, 0.005670431, -0.004130448, -0.0049092, -0.005933181, -0.002770602, -0.004148803
0.08831639, 0.002778454, 0.01292674, 0.01163711, -0.05123355, -0.1641997, -0.1908014, 0.02592608, 0.08936857, -0.119518
0.02357249, -0.02871, -0.09664172, 0.1544289, -0.1025471, -0.05988361, -0.1447393, 0.1559995, 0.0313971, -0.01035771
-0.05467667, 0.07316411, -0.2540114, 0.2495156, -0.07957397, 0.06284423, -0.07925756, 0.08399949, -0.05325064, 0.01113072
0.01192678, 0.09790936, -0.1014397, 0.1323216, -0.1014723, -0.1189966, -0.1651745, 0.1762007, -0.01442538, -0.05465248
-0.1289451, 0.01900969, -0.0633605, -0.004438064, 0.09831523, 0.09448875, 0.0002189717, 0.014097, -0.1540439, -0.01940632
-0.03232965, -0.002301373, -0.1404093, 0.2005743, -0.1082078, -0.07901965, 0.02285429, -0.01118457, 0.1062864, -0.06604481
-0.1435017, -0.0552552, -0.09008407, -0.02180814, 0.04750347, 0.1541672, 0.131362, 0.0589213, -0.09782524, -0.04782071
0.0472108, -0.05506301, 0.07614479, -0.01469866, 0.101253, 0.1250711, 0.08114588, -0.06151378, -0.0469445, 0.1329949
0.007992128, 0.04303527, -0.08963606, 0.00297635, -0.03937167, -0.0965886, -0.06867281, 0.1331341, -0.07558967, -0.1847296
0.00745502, 0.1114632, 0.06822694, -0.1194629, -0.02216438, -0.006170543, -0.0638588, 0.1297185, 0.1322152, 0.04374657
0.05119839, -0.01329629, 0.1622352, -0.05200909, 0.1383068, 0.1544561, 0.04785322, -0.1640726, 0.001223131, 0.004828995
0.1178567, -0.1220725, -0.09990755
-0.08291296, 0.08367059, -0.1296274
0.4303367, 0.0729228, 0.02187484
-0.3849515, -0.105746, -0.07585341
0.1247177, 0.114678, 0.3098635
-0.02529915, 0.09419009, 0.4057154
0.02444398, 0.08932932, 0.367415
-0.1852255, 0.05452697, -0.3304873
0.1122785, -0.1833783, -0.1762713
0.1670925, -0.08630692, 0.1266343
0.2938121, 0.3306932, 0.8163768
