3x50x50x3
0.02509457, 0.02648311, -0.02078269, -0.001224934, 0.02509696, -0.02009645, 0.0308452, 0.01679743, 0.03715764, 0.03052377, -0.009006058, 0.006164026, -0.02072507, -0.01473953, -0.02873424, -0.03077742, -0.01539288, -0.02047081, -0.000304608, 0.01897216, 0.01416025, 0.007372073, 0.01971276, -0.0109975, 0.002493423, 0.001308867, -0.01610055, 0.02828835, 0.01657, -0.003991888, 0.01021014, 0.01923552, -0.02411308, -0.03280196, 0.02132945, -0.00198301, -0.01332788, -0.03729027, 0.02992144, 0.0300469, 0.02721325, 0.004930566, -0.02063547, -0.002245293, -0.02138911, 0.001799506, 0.001546508, -0.0278876, -0.006573095, -0.03379926
-0.02036969, -0.0228472, 0.02216445, 0.004501202, -0.01001556, 0.01418518, -0.01072377, -0.01440543, 0.002114787, -0.008018131, 0.0157813, -0.02260934, -0.01996894, 0.02139966, 0.0002340356, 0.0224035, 0.01534595, 0.01720977, 0.03131614, 0.01503622, -0.009012979, -0.007905399, -0.01938219, 0.001542714, 0.0251583, 0.02899718, -0.01131552, 0.02237096, 0.0006137184, 0.01488055, -0.01735271, 0.01526078, 0.02417357, -0.03609312, 0.03144825, 0.03531124, 0.02995029, 0.01905565, -0.03054008, -0.004366452, -0.01586235, -0.005178123, -0.002817244, 0.03106876, 0.01107023, -0.02382351, -0.01410321, 0.009074206, 0.004347339, 0.00849587
0.001074411, -0.02191198, 0.002233485, 0.01394164, 0.009967515, 0.02658398, -0.009402592, 0.000382917, -0.02064616, -0.03994635, -0.02884479, 0.009238132, -0.02947355, -0.004045824, -0.02943373, -0.007327007, 0.00332852, -0.007221818, -0.003277916, 0.008917119, -0.01396481, 0.02721856, 0.003753421, -0.02003076, -0.0186991, -0.01246723, -0.0202083, 0.0338696, -0.006066235, -0.0286104, -0.004577305, 0.03590722, -0.02246985, 0.02976561, 0.002313243, -0.01458117, 0.002572039, -0.01363078, -0.00887984, 0.01750611, 0.01551522, 0.02148521, -0.00785234, -0.01811726, -0.00186452, -0.01816376, -0.01177595, 0.01104953, 0.007133195, -0.008392522
0.01039535, -0.002483499, -0.000567775, 0.007447267, 0.0008522617, -0.00445724, 0.005771774, 0.0003443852, 0.001889769, -0.002455579, 0.01218674, 0.00454011, 0.006393139, 0.003045619, 0.009884159, -0.002143556, 0.0009885558, 0.009555597, 0.009156421, 0.002496884, -0.008579751, -0.005317782, -0.001807665, -0.006059966, -0.008549462, -0.004249901, 0.008668008, -0.007138054, -0.005661528, -0.004362183, 0.005875519, -0.005315367, -0.000830749, -0.009048454, -0.008408329, -0.00244702, -0.002680873, 0.008583393, -0.00369727, 0.00563886, 0.002135319, -0.007497667, -0.008943668, 0.01005138, -1.610537E-05, -0.004153766, -0.003941578, -0.0004013007, 0.0006233467, 0.009651531
0.05256516, 0.0799326, -0.09030437, 0.06271999, -0.02192379, 0.06668136, 0.09534219, -0.0506996, 0.005747909, 0.02638077, -0.05612497, -0.08445035, -0.07139029, 0.04726516, 0.03063285, -0.09025858, 0.09898721, 0.03280815, 0.0963988, 0.09900132, -0.03671096, 0.04828946, -0.002679235, -0.08522516, 0.01432441, 0.04750504, 0.08432182, -0.0406772, 0.06857941, 0.03578557, -0.07903586, -0.06210939, 0.007982046, -0.02642315, -0.07232863, -0.08394153, 0.08732304, -0.09547547, 0.02433065, -0.03073, -0.02726925, 0.07450189, 0.09257366, 0.0331754, -0.0899712, -0.02634515, -0.0291772, 0.04534812, 0.05273711, -0.07874768
-0.07030066, -0.008754377, 0.04015945, 0.001384642, -0.04964464, -0.05130443, -0.02229614, -0.07445531, 0.03267871, -0.09345741, 0.06131575, -0.02372731, 0.04347487, -0.08628514, -0.05297073, -0.05992782, 0.000990738, 0.07862318, 0.04428044, 0.06530087, 0.0131014, -0.07816119, 0.01103677, 0.07487834, 0.03839498, -0.06740441, -0.07076729, 0.01280551, -0.09025713, -0.08007161, -6.92324E-06, 0.01472363, -0.0308224, -0.0796318, -0.008069502, 0.08103207, -0.05652792, -0.02590033, -0.09217765, 0.04274924, -0.03406101, 0.006287671, 0.01933614, -0.09611121, -0.003826685, 0.09694844, -0.05688324, -0.04113489, -0.07318633, 0.004912655
-0.01756844, 0.07305821, -0.03378769, -0.04363229, 0.0397734, -0.09368695, 0.08233555, 0.06722581, 0.06166404, -0.0830103, -0.07766195, 0.06616943, -0.08771671, 0.01310768, 0.003664789, -0.05503977, -0.09316671, 0.0270391, 0.01823691, -0.0325112, 0.09388639, -0.06834348, 0.06845482, -0.09958897, -0.0002549672, -0.09634504, 0.004890622, 0.00379812, -0.02273265, 0.04253212, 0.08901226, 0.06898148, -0.01675814, 0.006459499, 0.03808844, 0.02712966, -0.05251769, -0.08508958, -0.02228406, -0.01184334, 0.09824629, -0.02473558, 0.009695599, 0.09212245, 0.02149305, 0.00137271, -0.009539897, -0.09351867, 0.002433547, -0.05032185
0.08992167, 0.01609513, 0.04206707, 0.05985116, 0.009164168, -0.04970623, -0.09267378, -0.03377784, 0.05644917, 0.03227489, 0.0001020599, -0.02207896, -0.01387321, -0.08225015, -0.06892855, -0.04846441, -0.02051746, 0.007290049, 0.07401727, 0.07737146, 0.09708524, 0.0924601, -0.05174245, -0.06989048, -0.03000249, 0.0187011, 0.02110889, 0.07622701, -0.02082422, 0.0960804, 0.01405857, -0.002005132, -0.0998631, -0.07062799, 0.05129331, -0.0296059, -0.07074884, 0.02436501, 0.09462099, -0.01363899, 0.02061917, 0.0807866, -0.04239865, 0.04085758, 0.08834417, 0.02031906, 0.08830575, -0.008620013, 0.06056267, -0.03122828
-0.07697408, 0.08432735, -0.06777781, 0.02297948, -0.05097529, 0.09706844, -0.0331552, 0.01143256, -0.007314622, 0.09043599, 0.02830489, -0.07243083, 0.08747672, 0.05356093, -0.07751953, -0.0968848, -0.01943318, -0.04422395, -0.03363473, 0.06235041, -0.07511712, 0.05452424, 0.0132561, -0.01394406, -0.04223257, -0.08149093, 0.0315205, 0.002174571, -0.05362728, 0.04945281, 0.03164979, -0.06976932, -0.08569494, -0.09326179, 0.07759076, 0.02918704, -0.0348232, -0.02503721, 0.08216293, 0.05876935, -0.09794541, 0.01947058, -0.0647699, -0.09431194, 0.05609562, -0.007190647, 0.09466903, 0.0005219448, 0.02365763, 0.08865878
-0.05637059, 0.03163944, -0.07566178, -0.09942828, -0.05566809, -0.02811867, -0.03311733, 0.04622372, -0.02872929, -0.07020643, -0.04284513, 0.06389162, -0.03064351, 0.03554642, -0.03711564, -0.001235087, -0.08296517, 0.07599167, 0.0817337, -0.007882203, 0.03696045, 0.09918288, -0.02410036, 0.005027764, 0.05887648, 0.004636912, 0.01488623, 0.01020074, 0.03755076, 0.0667384, -0.07359117, -0.06880116, 0.0779321, -0.04716446, 0.008979245, -0.09948941, -0.09681976, -0.09014861, 0.06789182, 0.008438575, -0.03887949, 0.02423352, -0.0875444, 0.05381353, -0.004372108, -0.06285314, -0.0507088, -0.006526012, 0.04567419, -0.03875892
-0.0225594, -0.08138642, 0.01661682, -0.06587946, -0.04920486, -0.05466369, -0.04752608, 0.01682319, -0.05754903, 0.04102893, 0.05196408, 0.05979996, -0.0837886, 0.004369129, -0.09613048, -0.07220877, 0.08497101, -0.08576723, -0.06492092, -0.03959092, -0.004377057, 0.1010426, -0.08762645, -0.02779724, -0.07119443, -0.08484442, 0.08851334, 0.02714806, -0.09146275, 0.02413752, -0.04359611, -0.07690793, 0.06528214, -0.02637295, -0.01155511, -0.09000961, 0.0130831, 0.0469758, -0.0900994, -0.03879804, 0.04695903, -0.01192514, 0.07072717, -0.07135467, 0.05590888, -0.0011548, 0.007271934, 0.008249229, 0.04651531, -0.03046617
-0.04928465, -0.06015114, -0.04042659, -0.0158853, 0.0637973, -0.0202911, -0.09832607, -0.05282781, -0.09230549, -0.06444604, -0.0432468, 0.02617088, 0.007672301, 0.02199123, -0.01610957, 0.02741081, 0.09909102, 0.04240997, -0.08428706, 0.09793912, 0.01572058, -0.05722768, -0.09781544, 0.07128779, 0.01204563, -0.09369278, -0.07292122, 0.08661021, 0.02187558, 0.03219001, 0.006146174, -0.02181244, 0.07921226, 0.03624087, -0.02657611, -0.07990899, 0.05943598, -0.02326792, 0.01310151, -0.0909536, -0.09487726, -0.03246252, 0.03843873, 0.07851362, -0.1020937, -0.08067346, 0.08214577, -0.05384293, 0.04367002, -0.06875591
0.00500547, 0.06733556, -0.006508204, 0.04628814, 0.05685226, -0.09341255, -0.06276266, -0.01382375, 0.07272603, 0.0595285, -0.04964594, -0.08481932, 0.03068504, -0.02078853, 0.02764711, 0.08138646, 0.04913727, 0.06623707, -0.04862733, -0.03972285, 0.06743129, 0.01815323, -0.07107776, -0.09139375, 0.0898908, -0.05064488, 0.001431586, -0.07155605, 0.07182181, -0.007403279, -0.07498099, 0.08257741, -0.05499609, -0.01309953, -0.07508195, 0.03925179, 0.08511931, -0.06778201, 0.08284454, -0.04073741, 0.08672668, -0.0249645, 0.002399166, 0.05360251, 0.05536044, 0.09012116, 0.03965077, -0.03617795, -0.05635541, -0.08335777
-0.02603089, -0.0866273, 0.09893667, -0.02122078, -0.03936512, 0.08362778, 0.03960498, -0.01912498, 0.05555743, 0.009309572, 0.0112343, -0.09558591, 0.01308609, -0.01643007, 0.03229088, -0.02878737, 0.07493812, -0.06271838, -0.04949059, 0.08667734, 0.0930709, 0.01383236, 0.0821084, 0.09918682, -0.025722, -0.008515761, -0.08628738, -0.02465553, -0.05168479, -0.1002123, 0.008019334, -0.05915941, 0.08695561, 0.05332003, -0.08369272, -0.09305896, 0.08675187, 0.06177716, -0.07956742, -0.06740542, -0.09692239, 0.003576828, -0.02936982, -0.03102687, 0.05176573, 0.08421477, 0.06531693, -0.07523125, -0.08415493, -0.01727438
-0.08850441, -0.003026167, -0.09056731, -0.04542226, -0.0699833, 0.05638886, -0.06841342, 0.09986708, -0.09463251, 0.07178737, 0.07678594, -0.04277745, -0.07071038, 0.05046854, 0.1002517, -0.02811674, -0.07739875, 0.06178018, -0.03994307, 0.02662208, -0.02035388, -0.08753032, -0.08409041, -0.0840506, 0.08761112, -0.01240894, -0.06016029, 0.006534844, -0.05184388, -0.003578441, 0.02769051, 0.0880413, -0.04291364, 0.0640953, 0.09397402, -0.0893839, -0.07366645, 0.03105724, 0.02354468, -0.03199849, 0.07620588, 0.08785222, 0.05742981, -0.04652461, -0.04160578, 0.04650586, -0.02890445, 0.0233844, -0.02322312, -0.02305285
0.06127654, -0.09913018, 0.0656185, -0.006921089, -0.09487855, 0.09954909, -0.01520337, 0.09355693, -0.03202786, 0.03969833, 0.01279698, 0.02357368, 0.05307321, 0.007785442, -0.05380096, 0.08769125, 0.09916135, -0.03571408, 0.05786473, 0.08763963, -0.05224115, -0.01105183, -0.06156012, 0.09512751, 0.04872681, -0.006232626, -0.04622784, 0.06309231, 0.05673558, -0.06301225, -0.08428112, 0.02012076, -0.0674972, 0.07092252, 0.03341383, 0.02458645, -0.07503624, 0.0633179, 0.05563962, 0.09320075, 0.02870289, -0.06864259, -0.03777052, 0.07937185, 0.05773664, -0.04706959, -0.06209078, -0.05063825, -0.09437722, -0.02790605
0.05222248, -0.09976135, 0.06910673, -0.01201496, -0.07572272, -0.03236075, 0.06775651, 0.06997845, 0.0439062, 0.01356386, 0.04497584, 0.01865974, -0.06283299, -0.07318258, 0.02275413, 0.09411612, -0.007885562, 0.07673946, 0.07235909, 0.01610501, 0.05962244, -0.07063742, 0.009920563, 0.06824893, -0.04170978, -0.08513806, -0.07169507, -0.04853145, -0.06477037, -0.007492933, -0.04313576, -0.09293097, 0.05872224, -0.01351436, -0.01541534, -0.08947391, 0.05470726, 0.0427388, 0.04123802, -0.0363635, 0.0603935, -0.0458339, -0.0817668, -0.06248461, -0.04632223, -0.08780169, 0.09312549, -0.06218302, -0.04197493, 0.05823401
0.0615082, -0.0496609, -0.0198746, -0.009921581, 0.007596514, 0.01730002, -0.004542699, -0.1001788, -0.06961068, -0.09244042, -0.05879665, 0.01247847, 0.0314153, -0.05364184, -0.04404618, 0.03852915, 0.06014142, 0.05185275, 0.03788303, 0.007550957, -0.06257079, 0.0465974, -0.06219897, 0.009792862, 0.05718346, 0.004599222, -0.08618945, -0.03555712, 0.01191493, -0.05706725, -0.07663066, 0.09274539, 0.09224619, -0.0221272, 0.03280741, -0.09830402, 0.03017963, -0.03161104, 0.07129081, 0.06970583, 0.01711705, 0.05270131, 0.01126507, 0.02861328, -0.06916307, -0.0470369, 0.01874608, 0.07398369, 0.08530889, 0.01158748
-0.04982653, -0.06526475, -0.002668173, 0.05356232, 0.01988221, -0.08852565, -0.08246702, 0.07091074, 0.03131336, -0.09909215, 0.004338693, -0.07136478, -0.01493482, 0.08167359, 0.086644, -0.0523367, 0.0131718, -0.03969094, 0.01061641, -0.0458096, -0.09361519, -0.009829952, 0.0819095, 0.064461, 0.09236611, -0.01390765, -0.0643827, 0.005126258, -0.01974914, 0.005989167, 0.08935676, -0.06103492, -0.02216651, -0.09449034, 0.09456127, 0.08857623, -0.005895999, -0.05584865, 0.05689797, 0.02800505, 0.08539463, 0.05845664, 0.0402101, 0.07070512, -0.02983739, -0.01191525, -0.03720434, 0.03220003, 0.04767837, 0.0779282
0.03869048, -0.04350219, -0.0367997, 0.03855792, -0.001013944, 0.06304784, -0.04655325, 0.03413807, 0.06057562, -0.07201714, 0.07581909, 0.01803683, -0.01324111, -0.07623704, -0.08749435, -0.03868688, 0.04377928, -0.01639097, 0.08853653, 0.09918972, 0.05483824, -0.03160914, 0.004333301, 0.08385074, -0.03235108, -0.05274384, 0.0523201, -0.09209071, -0.009993471, -0.001450756, -0.07865545, 0.004540327, 0.05509495, 0.007518357, 0.06350391, 0.0301229, 0.08001202, 0.0466553, 0.001997263, -0.06704309, 0.03172898, 0.05635944, -0.01639689, 0.02193232, 0.05733087, -0.03084655, -0.0335046, 0.01528511, 0.0594902, -0.08762025
0.04136446, 0.07980261, 0.04211779, 0.05331947, -0.07852241, -0.03170239, 0.05443019, -0.01712176, -0.0347856, -0.05342345, -0.08852913, -0.04959627, -0.05869159, -0.03665965, -0.09536128, -0.03109186, 0.05090711, 0.09202008, -0.03993208, -0.01703691, -0.0165709, -0.09697622, 0.08266998, 0.0498721, -0.03495944, -0.1007335, 0.09120721, 0.0799862, -0.07913652, 0.09748727, 0.0819376, -0.06307869, -0.05297619, -0.01103568, 0.05691888, -0.0542599, 0.06168215, -0.0858684, -0.01552955, 0.0007772265, 0.07201084, -0.007053781, -0.0212717, -0.04337959, -0.0722516, -0.01683055, 0.009099071, -0.07615674, 0.01925158, -0.01367457
0.01407508, -0.01941454, -0.04742961, -0.01874451, 0.02595807, 0.04165821, 0.0991841, 0.09591705, -0.01755816, -0.08334588, -0.01891967, 0.08274673, -0.04517049, -0.02531189, -0.03515891, 0.06948561, 0.0927053, 0.06358397, 0.005016691, 0.06576995, 0.01024852, 0.04744788, 0.004186765, 0.05730325, 0.009884885, 0.08917793, 0.0259083, 0.0286888, 0.01922734, 0.08032294, -0.01260593, 0.06384268, -0.04116618, 0.04548859, -0.02099493, 0.004182507, 0.08405667, 0.07572303, 0.06193008, -0.0838723, -0.05656459, 0.06158179, 0.02686419, -0.03054125, -0.07829972, 0.08964692, -0.06369577, -0.09507369, 0.08993416, -0.04136638
-0.007692859, 0.0497089, 0.02447497, 0.05395187, 0.07040832, 0.0683016, 0.08131513, -0.003202107, 0.06855161, 0.03104506, -0.0831287, -0.02395361, -0.02970373, 0.005471295, 0.02952352, 0.01323472, 0.01902954, 0.01024058, 0.09400118, 0.06165582, 0.08677072, -0.07817617, 0.09796061, -0.006686206, 0.02001874, 0.04612208, -0.07769375, -0.06610655, 0.03311021, 0.01116011, 0.05057693, 0.02255899, 0.03833417, -0.03260595, -0.01743515, 0.03207055, -0.0535648, 0.007074509, 0.06608486, 0.006066566, 0.02358985, -0.0173589, -0.0987625, -0.07720129, 0.1033059, 0.07108657, -0.007285765, -0.07914773, 0.03462322, 0.007642434
-0.0276425, 0.02419246, -0.0884141, -0.07607179, -0.03421684, -0.03475651, 0.05531561, -0.06869466, -0.06694279, -0.07664434, 0.04639061, 0.04241999, 0.06259814, -0.05087118, 0.08172925, -0.005118794, 0.03502582, -0.09656751, -0.08170579, 0.09765558, -0.03368947, -0.0891666, 0.04436755, -0.01546915, -0.05983913, 0.005049184, -0.07755963, 0.06698162, -0.008148069, 0.05057534, -0.04319395, -0.0979696, -0.002955269, -0.0748373, -0.05633577, -0.07447126, 0.01041994, 0.01322399, 0.09810453, -0.07802982, 0.07617462, -0.08540151, -0.02417909, 0.04253655, 0.06213551, 0.08240573, 0.01710429, 0.05123657, -0.05273077, 0.003694302
-0.06627801, -0.0138681, -0.09847038, 0.03756932, -0.05824135, -0.04335651, 0.08347385, 0.02554205, 0.08162983, 0.06419528, -0.05810244, 0.08647009, 0.04283113, -0.01754059, 0.06592844, 0.04671453, -0.05806369, 0.03827268, -0.09580316, 0.05374483, 0.08691299, -0.07722352, -0.093344, 0.09339703, -0.08065882, -0.04391966, 0.03613818, 0.09983399, 0.02130099, -0.04313, 0.08992331, -0.02803908, 0.02218422, 0.0871767, 0.01816853, 0.07278717, -0.1005552, 0.05955714, 0.08464018, 0.08694159, -0.05417677, 0.08495411, 0.03006818, -0.06303965, 0.0793481, 0.08956634, -0.02643674, 0.09764013, 0.07686949, -0.08781064
0.04130354, 0.08152165, 0.04706509, -0.01004389, 0.0163422, -0.08650459, -0.02539609, -0.09202228, 0.02229041, 0.08729351, 0.02136414, 0.07864004, -0.09587474, 0.02328408, 0.0756715, 0.07233975, -0.02717787, 0.05081947, 0.06187775, 0.09666099, 0.04673832, -0.01560685, 0.05175142, -0.08283953, 0.01018365, 0.1002836, -0.01308939, 0.07111687, -0.08115, -0.06700484, 0.08273581, 0.03762678, -0.07800808, 0.0001194737, 0.0199443, -0.09204576, 0.02250213, -0.07585768, -0.02776889, 0.005222838, -0.003122072, 0.0959195, -0.06071358, 0.1005697, -0.04133023, -0.03402925, 0.08433466, -0.09749515, -0.03721933, -0.08764102
0.02174585, 0.02019655, -0.06141209, 0.07777753, -0.02987347, -0.04360541, -0.07168435, 0.02448137, 0.08413637, 0.01910223, 0.02009589, 0.0008824769, 0.09539693, -0.01531562, -0.09254398, 0.08814294, 0.06397497, -0.007885478, -0.09196573, 0.0618286, -0.05290458, -0.05998715, -0.0196894, -0.04071574, -0.001278432, 0.05124898, -0.05894211, 0.05268441, 0.06303709, -0.05695859, -0.08227768, -0.01291792, 0.01140589, -0.1007597, 0.0131601, -0.04131853, 0.001257108, -0.06428724, -0.06813195, -0.04296618, 0.08314835, -0.09743731, -0.05701531, 0.0512127, 0.08142512, 0.09537914, -0.09555326, 0.05304287, 0.08950993, -0.02856457
0.005047475, -0.01746141, 0.09490418, 0.0005276431, 0.06300563, -0.01999042, -0.06229975, 0.07512505, -0.01662535, 0.0216609, -0.08488236, -0.02749883, 0.06263618, 0.03581987, 0.001225375, -0.06500793, 0.09507259, 0.08954666, 0.07327274, 0.04548692, -0.02138204, 0.01692115, -0.03424411, 0.05410488, 0.08246258, -0.05822119, 0.09572797, 0.02784665, -0.02069111, 0.006534942, 0.04825601, -0.01141356, 0.06074754, -0.01403848, 0.0387665, 0.02988793, -0.007206704, -0.09074513, -0.06220583, -0.06743705, -0.07767586, 0.02882235, 0.05772291, 0.005996608, -0.05561788, 0.01028838, -0.06655828, 0.00988595, -0.04703526, 0.04490844
0.09526325, -0.09090259, 0.07789148, -0.04876463, 0.09385145, 0.08578598, -0.07820352, -0.05961747, 0.01459931, 0.01875636, -0.01193338, 0.01187923, -0.004658847, 0.07678276, 0.07164872, 0.02519094, 0.002534644, -0.01496605, 0.09673821, 0.06924743, 0.04330019, 0.08446311, 0.05428373, 0.04073629, 0.02129478, 0.05240989, 0.06199593, 0.05788779, 0.003799395, -0.02918513, -0.09194452, -0.01362184, -0.0248679, 0.04000619, 0.008940189, 0.04044044, 0.01265098, 0.02105449, -0.007848455, 0.05520683, 0.01001303, -0.05217276, -0.006872494, 0.01669602, 0.0522746, 0.0125496, -0.07006975, 0.08667343, 0.03549958, 0.01709048
-0.09700701, 0.05157205, 0.01069197, -0.01166873, 0.1005697, -0.08769502, -0.04161955, -0.05795987, 0.02406682, -0.06416283, -0.07042128, -0.03241283, 0.02979525, -0.05070192, 0.008175601, 0.09571745, -0.07238147, 0.0669114, -0.03549322, -0.06308234, -0.08528455, 0.09102181, 0.09026962, -0.05910299, -0.0411092, -0.006410971, -0.006192089, -0.06346145, 0.08292402, -0.09148259, 0.02038703, 0.07394179, -0.08025261, 0.09798703, -0.03687546, -0.04114072, 0.07649381, 0.09721784, 0.03569136, 0.0003870355, -0.01996372, -0.03600927, 0.09128548, -0.04491197, 0.03048534, -0.05692608, 0.01532761, -0.05327091, -0.09058369, 0.0556242
-0.01812271, -0.03198103, 0.02184383, -0.0004822566, -0.0007655556, -0.08675948, 0.06545183, -0.02552064, -0.07746734, 0.003088863, 0.02068022, -0.07497258, -0.04525423, 0.02156747, 0.01357269, -0.04952969, -0.06011935, 0.0404963, 0.08328695, -0.04816859, -0.07676268, -0.06035055, -0.07274067, 0.0624388, 0.05462632, 0.05159211, -0.09579397, 0.0327428, 0.004461227, -0.08709893, 0.07710662, -0.0526308, -0.07243767, -0.06287467, 0.02304358, -0.04648615, -0.04610853, 0.02638871, -0.007529277, -0.04864718, -0.008150199, -0.003760119, 0.06709974, -0.06801245, 0.08190095, -0.04460858, -0.09061018, -0.02796893, 0.04061973, -0.02292464
-0.09651687, 0.08128156, -0.03706013, 0.05345135, 0.02907466, -0.05877692, -0.05692366, 0.0624575, 0.0451238, 0.04789128, -0.09032211, -0.06949046, 0.067473, -0.08699403, 0.0256757, -0.02778261, 0.09945888, -0.07815996, 0.09355951, -0.03765182, 0.09947514, 0.02166848, -0.05575808, 0.02959286, 0.06086996, 0.02756513, -0.02743995, 0.09417378, 0.08222037, -0.00094806, 0.04119324, 0.02957326, 0.09236815, -0.07387359, -0.08945086, 0.09804451, 0.08312224, -0.02932313, 0.00641823, -0.01620631, -0.08862405, -0.008846532, 0.07747404, 0.04832698, -0.06116527, -0.03837987, 0.03189305, 0.05224935, 0.00794915, 0.009846924
-0.0400394, 0.08992136, -0.02275722, -0.02288466, -0.01935607, -0.01696171, 0.03472671, 0.03168791, 0.09396723, -0.09849886, 0.06803834, -0.05195783, 0.08016426, -0.05332484, -0.09311763, -0.01844875, -0.05984735, 0.03632048, -0.09479379, 0.0273742, -0.01255579, 0.02581431, 0.01555657, 0.01237727, -0.04838717, 0.007303129, 0.04045117, -0.001137218, -0.009442178, 0.0003596048, 0.09686983, 0.02109113, -0.01552414, -0.0298315, -0.06194596, 0.05099936, -0.04748093, 0.0149149, 0.04956932, 0.02466279, -0.03531727, -0.04709143, -0.02307952, 0.003978246, 0.01270105, 0.06304729, 0.01012134, 0.03375664, 0.038655, 0.0592469
-0.0806661, 0.09142037, 0.04509052, 0.08462968, -0.07706893, 0.03813391, -0.02716052, 0.0637452, -0.07485347, 0.07005903, 0.04619239, -0.06219168, -0.0628649, -0.006504428, -0.09588536, -0.0543804, 0.06074667, 0.01276435, -0.08944293, -0.04206738, -0.07661909, 0.02323084, 0.08923067, -0.01567898, -0.0366474, -0.06836265, -0.05310102, -0.08643065, 0.09602924, -0.009213442, 0.09502451, -0.09321881, 0.0575329, 0.03564329, -0.02176723, -0.09739276, 0.07681071, 0.008215386, -0.0518328, 0.0009286836, -0.02291986, -0.01219923, -0.01058635, 0.07567073, 0.08208673, -0.07372773, -0.08925116, 0.08744405, -0.0002939969, -0.03164936
0.09808245, -0.09842405, 0.02554653, -0.01932184, 0.03092482, -0.005668463, -0.09104612, -0.03281596, 0.01877337, 0.08957119, -0.01139425, -0.04202378, 0.06706923, 0.03636863, 0.07492396, 0.03579799, -0.02416111, 0.008148981, -0.08936812, -0.09779708, -0.02532436, -0.04095296, -0.03969927, 0.00581535, 0.07817353, 0.03950614, -0.06445909, -0.08971004, 0.001511795, -0.06666903, -0.07809395, -0.04104299, 0.0156951, 0.03141894, -0.008272188, 0.0965065, -0.01818068, -0.02286817, 0.1000709, 0.08597049, 0.09551269, 0.007333375, 0.08619799, -0.0399927, -0.08937027, -0.08102234, 0.02322449, 0.05373419, -0.09781998, -0.05750791
0.05839541, 0.00356468, 0.07919835, -0.006963036, 0.08752326, 0.03869782, 0.04113984, -0.08321577, 0.005411051, 0.09442881, -0.04213127, 0.09585031, 0.06702028, -0.01602654, 0.06742385, -0.06789339, 0.04950479, -0.07244673, -0.05765803, 0.07535858, -0.04390057, 0.09624674, 0.007800269, -0.07221086, -0.09432796, 0.06780806, -0.02945192, -0.10275, -0.004674066, 0.05598589, -0.0853003, -0.01600164, -0.0904098, -0.04790028, -0.02390813, 0.01546618, -0.01670861, -0.08594326, 0.03966298, 0.04953913, -0.04230011, -0.03388305, 0.07016569, -0.09777956, 0.02734333, 0.1025715, 0.04586057, 0.0006269044, -0.008337221, 0.080841
-0.02362454, -0.01360763, 0.01486793, -0.07745642, 0.08835642, 0.05527326, 0.0992825, 0.0453402, -0.01224612, -0.07528233, -0.03294134, 0.03903634, 0.02454866, 0.04437719, 0.07865124, 0.08055364, 0.09070106, 0.004591054, -0.09379517, -0.05591502, 0.0442123, 0.02419003, -0.009774754, -0.003896991, 0.01863156, 0.08836211, -0.07569949, 0.0003239158, 0.001969073, -0.09575748, -0.07428361, 0.07326599, 0.008830612, 0.01171881, -0.01780209, 0.02334483, 0.07101168, 0.08089405, -0.03954907, 0.01626011, 0.02242876, 0.03950795, 0.0274784, 0.01222128, -0.01319749, 0.02284624, 0.04288187, -0.06945268, -0.07620659, 0.04048065
-0.09189762, -0.067563, -0.007965992, -0.05479354, -0.06146701, 0.04645686, 0.09708429, -0.08362804, 0.003011609, -0.0965796, 0.03492504, -0.008638736, -0.05301144, -0.0206828, 0.09855685, -0.002874699, -0.06857551, -0.0877603, -0.04305953, -0.04586684, -0.09169114, -0.09462393, -0.05240628, -0.01154819, 0.02598869, -0.09361044, 0.09736077, 0.07520329, -0.0910864, -0.09757522, -0.0517897, 0.09496934, -0.02226691, 0.05683493, -0.0988855, 0.09424539, -0.02115917, -0.03953275, -0.02695243, 0.04090015, 0.02722556, 0.05480608, -0.0184206, -0.0401067, 0.08677153, -0.06882559, -0.00668219, -0.04947676, 0.01980496, 0.08614485
-0.01461041, 0.02529901, 0.0697355, 0.07779863, 0.04022446, -0.09662721, 0.08406071, -0.09710735, 0.01754943, -0.06977388, 0.05312433, -0.07164964, -0.09528641, 0.003090868, 0.05108965, 0.03795317, -0.09051067, -0.007707404, -0.01942849, -0.09407139, -0.08414214, 0.07100074, 0.04229194, 0.01747704, 0.02591189, -0.04972026, 0.02847081, 0.08607507, -0.003905793, -0.004919878, 0.01002487, 0.04639948, -0.04869293, -0.0723395, 0.01383165, 0.02369175, -0.07400507, 0.007998234, -0.08328298, 0.09790085, -0.09260738, -0.02802283, 0.04058145, -0.06121927, 0.09390608, 0.0006971429, 0.04377354, 0.08013071, 0.007954818, -0.05132674
-0.08102693, -0.1002496, 0.07237679, 0.01960621, 0.0674538, 0.01383454, 0.08982229, -0.046592, -0.05450381, -0.01763018, -0.02024266, 0.103818, -0.001635809, -0.07267323, 0.01844402, -0.09708734, 0.06526422, 0.08615404, 0.08772313, -0.06973793, 0.0130399, 0.007816393, -0.02576047, -0.01525506, 0.09533032, 0.04159822, -0.06644814, -0.0006514039, 0.01786311, -0.07937176, 0.002377304, 0.04890387, -0.0225267, -0.03828948, -0.02998747, 0.00935722, 0.07689529, 0.04245155, -0.04755605, -0.1011361, 0.03345316, 0.06432239, -0.04602977, 0.02753333, 0.02750447, -0.09288799, 0.07158168, 0.01880031, 0.01847213, 0.08735637
0.03707109, 0.05629011, 0.09785488, -0.02112046, 0.02728396, 0.007130236, 0.0344859, -0.008798513, 0.01902118, -0.08087481, -0.01612929, -0.008223142, 0.02799357, -0.07454804, 0.07834559, 0.02794308, 0.01880814, -0.05715672, 0.05012725, -0.091713, -0.07203771, -0.07343258, 0.03174029, 0.09009537, -0.004700991, 0.04677257, -0.04340253, 0.03706155, 0.05159658, 0.08116066, 0.0697047, 0.01771522, 0.07973085, 0.04022058, -0.01941826, 0.04328248, 0.05657026, -0.09662333, 0.02196313, 0.0640539, 0.07632718, -0.02162769, -0.08319038, -0.07440881, 0.02632698, -0.05149407, -0.06464028, -0.06656012, 0.05071746, 0.094799
-0.009997956, 0.02481937, 0.06985552, 0.006086449, 0.05452164, 0.0009474607, -0.06574758, -0.09155925, 0.07836434, 0.08114573, -0.0481465, 0.0910776, 0.04021998, 0.03254862, -0.04999568, 0.06896585, 0.007098653, 0.09242657, 0.03545232, -0.06955286, 0.07559207, 0.01592278, 0.01863644, 0.08082445, -0.06817971, 0.05370337, -0.08965345, -0.003207705, -0.03604344, -0.05425306, 0.01758718, -0.07519342, 0.09024733, 0.06060297, -0.002886107, -0.05410242, 0.04779016, -0.02760983, 0.07984342, 0.08312725, 0.01390773, 0.04657127, -0.0759231, 0.04484455, 0.01793777, 0.08967312, 0.04263591, -0.01211643, 0.07984372, 0.04811947
0.0396218, -0.05837126, -0.00999792, 0.0188015, -0.07685883, 0.07330649, -0.09493954, 0.08658988, -0.02665664, -0.09583764, -0.005267162, 0.03326276, 0.04527343, 0.03171578, -0.03703282, -0.07153029, -0.09626526, 0.07969466, -0.06555671, -0.0927662, -0.08060472, -0.06616527, -0.08586962, 0.05157229, 0.02161447, -0.0707657, -0.007342891, 0.07580228, -0.03697149, -0.05024298, -0.08887056, 0.02220965, 0.0153285, 0.01311666, 0.009478802, -0.02268028, 0.0303879, -0.02951948, 0.04192961, 0.02907382, -0.05973431, 0.06141506, 0.1009535, 0.08025392, -0.01013404, 0.07749753, -0.1003377, -0.005848082, -0.01516141, -0.01095776
0.08115241, 0.06639224, -0.04619716, 0.0756731, 0.03426429, 0.007912521, -0.07269671, 0.04333521, 0.09956457, 0.09338893, -0.02208608, -0.0701616, 0.02355865, -0.07528817, 0.09254416, 0.07094663, -0.08023386, -0.06741972, -0.07777572, 0.08848622, -0.0002977129, 0.03843886, -0.06555121, 0.004610142, 0.06438331, -0.04351501, -0.06992709, -0.06503709, -0.03605685, 0.04213548, -0.07186752, 0.09700955, -0.009534807, 0.07225746, -0.03207608, -0.05174971, -0.03351484, 0.03645156, 0.08029553, 0.100487, -0.05000627, 0.08804457, -0.02982664, 0.05009706, -0.05504725, -0.09050001, -0.05878934, 0.07178299, 0.0872614, 0.02130405
0.06071759, 0.0711311, -0.03118038, -0.003686575, 0.09207284, -0.05609882, 0.02576939, 0.04918535, -0.08685786, -0.02225408, -0.02214167, 0.09132628, -0.01793526, -0.04281047, 0.06463414, -0.01797274, 0.04097565, 0.05031788, 0.06224953, 0.04404559, 0.003810884, -0.01911096, -0.04525774, -0.07644384, 0.0393215, 0.01307164, -0.03538774, -0.009777944, -0.04307355, 0.058271, -0.08319621, -0.04106586, -0.05319091, 0.04095493, 0.08154128, -0.03886808, 0.02754211, 0.09748045, 0.08729149, -0.07583356, 0.02165415, 0.01980452, 0.0263619, 0.004630955, 0.01928972, -0.04347275, 0.005920923, -0.08648912, 0.08321959, 0.0694381
-0.0305193, -0.007266976, -0.08328581, -0.05774002, -0.08529858, -0.01703762, 0.01507874, -0.05560998, 0.05883032, -0.02340129, 0.07577232, -0.06204452, -0.01069735, -0.04475891, -0.03715142, -0.08148482, 0.04921957, 0.03430169, -0.02341595, 0.004642259, 0.05529383, 0.04516787, 0.05895315, 0.04105599, -0.08019815, 0.08120748, 0.0524521, 0.04964535, 0.004460055, -0.02211727, -0.09634963, -0.04659886, 0.005864672, -0.01105993, -0.01144934, 0.0211845, -0.05477233, -0.1024294, 0.02097885, -0.007997028, 0.04456351, -0.01663765, -0.065138, 0.006745274, -0.05492449, -0.01374182, -0.06492229, -0.03275154, -0.06332306, 0.005259281
0.01413831, 0.06555742, 0.04011723, -0.02597869, -0.09023874, 0.0188656, 0.03518621, -0.02876923, -0.07634566, -0.0625659, 0.0283789, 0.06018731, 0.04321283, -0.02505745, -0.02621346, 0.02822964, 0.03509456, 0.09219332, 0.06519641, 0.03516744, 0.06903812, 0.04088096, -0.08424991, 0.08520263, 0.06105268, -0.02824676, 0.007736596, -0.05132756, -0.0005208083, 0.03685075, 0.05098883, -0.01279622, 0.01561805, 0.09681942, 0.06735174, -0.06481601, 0.0133499, -0.07300973, -0.02161921, 0.0680458, 0.09083594, 0.07730653, 0.07762454, -0.0168593, 0.06560239, 0.08629902, 0.04020563, 0.06426273, -0.06526422, 0.01138636
0.04682905, -0.06582892, -0.003068731, 0.004222608, 0.03854395, 0.07147097, 0.04925632, 0.05369423, 0.01411, 0.03990332, -0.08538115, -0.01675439, 0.07286283, -0.01543692, -0.01431924, -0.05833131, -0.0547204, 0.04903697, 0.007095378, -0.06157143, -0.08890348, 0.003901969, 0.01808998, 0.0972541, 0.04788803, 0.09093308, 0.06345762, 0.03234119, -0.08127277, 0.08033452, 0.03332206, 0.04219264, -0.08747267, 0.08426272, 0.09088044, 0.01650827, 0.08836675, -0.0855085, -0.03750949, 0.1007084, -0.01310531, 0.06, 0.01620375, 0.04038348, 0.05601466, 0.006561541, -0.1004328, -0.005379295, -0.09775818, 0.02347731
0.03750537, 0.09133918, -0.04202544, -0.09788508, 0.003298583, -0.05562484, 0.01844898, 0.0004828815, 0.05243352, 0.04237987, -0.09209193, -0.0786477, 0.03362114, 0.03959642, -0.09575453, -0.02986126, -0.03392023, 0.09367692, -0.005312657, 0.06816538, -0.04227711, -0.0645754, -0.01468417, 0.007098601, 0.0475321, -0.04886707, 0.08945087, 0.07855677, -0.06589624, -0.06414264, 0.09054141, -0.02785903, 0.03066091, 0.001046289, -0.06012921, 0.0422426, -0.01317207, -0.08395961, -0.02216384, 0.04463014, 0.09744152, -0.01750344, -0.04384675, 0.01694977, 0.09663285, -0.03103497, -0.07242627, 0.08063926, 0.03173483, -0.01211149
-0.06250095, -0.0857112, 0.0941337, -0.06975064, -0.03182061, 0.001175639, 0.005401617, 0.0559761, -0.05120356, -0.04689127, -0.04172087, 0.0376809, -0.03360213, 0.02021452, 0.05154682, 0.03633971, -0.01419882, -0.05964912, -0.004499845, -0.03147528, 0.0850495, -0.04307208, 0.01189293, 0.04255847, 0.07318139, 0.07683743, 0.0793365, 0.07159308, 0.01242859, -0.01144814, -0.0734917, -0.09437316, -0.05157956, 0.05155982, 0.1013003, 0.08546471, -0.02938414, 0.003340165, -0.06254491, 0.04432977, -0.06545003, 0.03156612, 0.06786744, -0.06303732, -0.01735816, -0.04372659, -0.08329532, 0.03719559, 0.06760742, -0.04323149
0.07932894, 0.09430876, -0.01680386, -0.0371769, 0.005661086, 0.08744658, -0.004178919, -0.0478333, -0.04168697, -0.00603108, 0.02304631, 0.03813117, -0.05570984, 0.06970298, -0.07385375, -0.04995072, -0.005852407, 0.01202243, 0.02112096, 0.07135925, -0.03042175, 0.08951272, -0.09935764, 0.05343343, -0.06812298, -0.04674254, -0.0111837, -0.01818111, -0.03839385, 0.01517011, 0.05382653, -0.06042737, -0.09451354, -0.04734257, 0.003630338, -0.06672529, 0.02284045, 0.07962342, -0.0531111, -0.0917145, -0.0141186, -0.08129481, -0.05762888, 0.04441402, -0.08623405, -0.006659109, -0.007087688, 0.09258802, -0.09476577, -0.06073831
0.0664914, 0.007140828, -0.07981855, 0.09238367, 0.08935296, 0.08937585, 0.09239083, 0.02857685, -0.06610395, -0.04388818, -0.002537572, -0.08581835, 0.09506703, 0.04416404, 0.03822163, -0.01543218, 0.0396474, 0.08440925, -0.03364341, 0.0885938, 0.02498735, 0.01153615, -0.03434061, 0.01505842, -0.01538107, -0.05071202, 0.04660879, -0.04189942, 0.04126648, 0.03802257, 0.05990951, -0.004058554, -0.02125428, -0.08431253, 0.04737682, -0.05473415, -0.07859942, -0.09305584, -0.03766701, 0.009936349, -0.05692913, 0.09700791, 0.04669875, 0.08846522, 0.00843225, -0.0270173, -0.07384546, -0.004026392, -0.09602313, 0.02986307
0.05445534, 0.004127953, 0.0246347, -0.08431231, 0.01927482, -0.04683526, -0.05848743, 0.0008219447, 0.007162373, 0.04110576, -0.05393675, 0.03311943, 0.08814359, -0.004257232, -0.004765322, -0.09738456, 0.03748865, 0.07855248, 0.09742773, -0.008755846, -0.03925966, 0.02883859, 0.025484, 0.05977463, 0.0492462, 0.02730031, 0.06604884, -0.02223447, -0.09725928, -0.08493061, -0.07679993, -0.04881278, -0.0469402, -0.09045762, 0.08414478, -0.04540931, 0.07232704, -0.03466964, -0.001205446, -0.005360601, -0.09530083, 0.0196788, 0.0006058151, 0.02048702, -0.03089112, 0.01125536, -0.09232872, -0.04652807, -0.005712, 0.006339625
0.02878101, -0.05108181, -0.001521909, 0.01446492, -0.02655032, -0.07600554, 0.08006278, 0.07027409, -0.03797087, 0.08947163, -0.01104578, 0.06435937, -0.005600998, -0.00409419, 0.01654715, 0.09285773, -0.02505075, 0.08445229, 0.008574303, -0.05775644, -0.06895863, -0.0218488, -0.02430968, 0.0004031116, -0.01277035, 0.03978576, -0.06927754, -0.09360862, -0.01087155, -0.06055177, 0.02202597, 0.01082571, 0.08219025, 0.003188197, -0.01407136, 0.07747763, 0.05137406, 0.04303378, 0.03644307, 0.06109177, -0.02657273, -0.09892082, 0.1006175, 0.01351813, -0.09525768, -0.05952741, -0.07651459, -0.09254022, -0.09684642, -0.02744985
0.07259536, 0.07309666, 0.0595421, 0.07032288, 0.02989816, -0.0299688, 0.05795269, -0.07846212, 0.08229617, -0.02444019, -0.0249679, 0.06517245, -0.006843051, -0.007434862, 0.03766009, 0.02061964, -0.03475588, -0.05149488, -0.09307671, 0.07301926, 0.09515943, 0.03713678, 0.004962312, 0.05709673, -0.03016112, -0.02768062, 0.04422147, -0.008099605, -0.0929991, 0.03410385, -0.0173881, 0.03069775, -0.0518887, 0.02509242, -0.0771239, 0.004524, 0.0593559, -0.03645798, -0.005120974, 0.03254927, 0.08595438, -0.04279042, 0.052811, -0.03195746, -0.0588667, 0.08214466, -0.0312734, 0.0841058, -0.08350516, -0.04721247
-0.0181085, 0.0464027, 0.05320149
-0.08234051, -0.09695823, -0.03287825
-0.0223784, 0.04860864, 0.08693121
0.09719765, 0.001123286, -0.009522646
0.02591059, -0.08229289, -0.01938341
0.06635464, 0.100403, -0.05920397
-0.02805953, -0.04946088, 0.1118315
-0.006771458, -0.02081378, -0.08700222
-0.01214888, 0.07884828, -0.02780293
-0.1026718, -0.06684885, 0.004208075
0.04304126, -0.06121036, 0.02837437
0.09298609, 0.01958565, 0.001592472
-0.1012354, -0.08839089, 0.0247833
0.01221453, -0.09419415, 0.02697327
-0.03009224, 0.07155631, -0.03164826
-0.06622001, -0.05508572, 0.04799501
-0.0967071, 0.08752749, 0.01495925
0.06730337, -0.07830128, -0.06353159
0.06939431, 0.02370529, -0.01338989
0.03554248, 0.05285508, -0.08105308
-0.10214, -0.07578129, 0.030859
-0.04350049, -0.05429572, -0.03244958
0.09349892, 0.02487019, 0.0008156784
0.08232982, 0.04756396, 0.09741879
0.03346986, 0.03713183, -0.05841431
-0.05704281, -0.07481761, 0.009271809
0.06011885, -0.06082783, 0.006000704
0.02204132, -0.09648558, -0.05345727
-0.09155139, 0.1068441, -0.08849235
-0.009913497, -0.05474254, -0.1056774
-0.05110913, -0.04930251, -0.04092775
-0.00195721, 0.001242196, 0.08042698
-0.08677192, -0.0748933, 0.04785691
0.1021641, -0.04353294, 0.02301995
-0.03933056, -0.04844884, -0.08692037
0.01433812, -0.07821747, -0.01298405
0.1026819, -0.009847295, -0.002460364
0.08432698, -0.111323, -0.009056268
-0.02095415, 0.009311393, -0.08346532
-0.02890538, -0.0556503, -0.04556099
-0.02619439, -0.02320947, -0.01262075
-0.02676907, 0.03479899, -0.003117855
0.02988946, -0.08643053, -0.08055258
-0.04844566, -0.05214253, -0.1028136
0.08773083, 0.06370237, 0.1094593
-0.1092727, -0.04053821, 0.07608385
-0.08123699, 0.02179942, 0.06487751
0.01773255, 0.007164199, 0.0323059
0.02963819, -0.02882818, -0.05538328
0.08417757, 0.1114015, -0.07348277
0.01287918, -0.01532615, -0.01364392
