3x50x50x3
0.003101035, 0.01523007, -0.01349698, -0.01155261, 0.002805091, 0.01347125, 0.007488567, 0.006573766, -0.01800506, -0.01703775, 0.01030038, 0.0003562363, -0.01295255, -0.0105978, 0.00208425, 0.01578029, 0.001129592, 0.01406363, -0.01223968, -0.009797364, -0.004196086, -0.004996984, -0.01222362, -0.01487045, 0.01253941, 0.01150206, -0.002486294, -0.01282281, -0.002549376, -0.00170345, -0.01388173, -0.01494874, -0.01442312, 0.01020203, 0.004261751, 0.007025182, -0.01282979, -0.00553796, 0.01781687, 0.0005474334, 0.01778522, -0.009811832, -0.009011222, 0.01396573, 0.008365279, 0.008880978, 0.0115372, -0.008471559, 0.005386074, -0.007355019
-0.01571003, -0.006214557, 0.005913997, 0.0005554197, -0.02040362, -0.01178974, -0.003231121, 0.001405793, 0.02112739, 0.02462822, 0.0005083836, -0.01315609, 0.005436882, 0.01097923, -0.01605839, -0.01695905, 0.0002673678, -0.01088654, 0.002651632, 0.002221816, -0.00288835, 0.004995078, 0.01033283, 0.006623752, -0.008171861, -0.003162942, 0.004824254, 0.01250804, -0.0001141321, -0.000674693, 0.01444696, 0.01234715, 0.007094596, -0.01053675, 0.003926296, -0.00894524, 0.01438158, 0.01341958, -0.02324018, -0.01880622, -0.0134066, -0.000996361, 0.003028636, -0.01174469, 0.002929817, -0.01030919, -0.008513922, 0.008818494, -0.001066869, 0.004113233
-0.003352772, -0.003543555, 0.01083075, 0.008387573, -0.0001383725, 0.01840837, -0.001543003, 0.006716159, 0.02413888, -0.01333612, 0.003854725, -0.01108618, -0.02338823, 0.01242808, -0.008802924, -0.02624644, 0.01217938, -0.01111362, -0.00042844, 0.003189403, 0.009330775, 0.01867329, 0.01341711, -0.000878331, -0.02249271, -0.01758322, -0.0022743, 0.02765693, 0.008531566, -0.01109719, 0.01681843, 0.01393467, 0.008992861, -0.03051654, -0.01256592, -0.02276598, 0.003862217, 0.01107357, -0.01825253, -0.01325742, -0.011993, 0.0146556, 0.007436889, -0.01891915, 0.01771408, -0.01610355, -0.009459445, 0.0175571, -0.008648754, 0.008221584
0.009843588, -0.0008632151, -0.002185435, 0.00546346, 0.0002131427, -0.005817743, 0.007255998, -0.000284719, 0.0006033121, -0.0007932, 0.01044346, 0.005263223, 0.007688052, 0.002589118, 0.008778859, -0.0004619127, 0.001141417, 0.009170421, 0.009081321, 0.00226615, -0.00916746, -0.006359915, -0.00255654, -0.006740252, -0.007776741, -0.003558136, 0.00990779, -0.009339049, -0.006870144, -0.004221626, 0.005269817, -0.005211826, -0.0007800548, -0.005201238, -0.006749084, -0.001041032, -0.002488812, 0.007803454, -0.002799937, 0.004374193, 0.001286137, -0.008084858, -0.008867811, 0.01046085, -0.0005773088, -0.003538195, -0.003286285, -0.002039073, 0.0006940452, 0.008876174
0.05191236, 0.07846579, -0.09105109, 0.0644422, -0.01989545, 0.06617375, 0.09505016, -0.05149656, 0.002184347, 0.02607601, -0.05419363, -0.08289079, -0.07080156, 0.05030744, 0.02781339, -0.08950453, 0.09590551, 0.03541412, 0.09706461, 0.09729814, -0.03593437, 0.04857439, -0.002507119, -0.08545843, 0.0134793, 0.04808138, 0.08647373, -0.03955273, 0.06362318, 0.03532144, -0.07800785, -0.06104914, 0.009880597, -0.02354345, -0.07212077, -0.08246665, 0.08873701, -0.09219647, 0.02294578, -0.03100516, -0.02711449, 0.07359368, 0.0945005, 0.03445419, -0.08830091, -0.02721785, -0.03028997, 0.04542152, 0.05323709, -0.08043445
-0.07169129, -0.008251815, 0.03812734, 0.003380548, -0.0486235, -0.04879572, -0.02339673, -0.07260202, 0.0341077, -0.09503101, 0.06087324, -0.02291492, 0.04204908, -0.087727, -0.05207694, -0.06208788, 0.001811557, 0.08066322, 0.04524348, 0.06707899, 0.01143871, -0.07725731, 0.01192417, 0.07423937, 0.03997912, -0.06887715, -0.07176391, 0.01374834, -0.08864402, -0.0776402, -0.000111025, 0.01228895, -0.03282223, -0.08091874, -0.006213493, 0.08104356, -0.05555165, -0.02580806, -0.08960462, 0.04399268, -0.03404134, 0.005776552, 0.02013833, -0.09329008, -0.00430523, 0.09499232, -0.05798745, -0.04171333, -0.07146963, 0.00849957
-0.01652521, 0.07507864, -0.03213484, -0.0481758, 0.03832169, -0.09549259, 0.08292516, 0.06672547, 0.0622775, -0.08001319, -0.07944144, 0.06278016, -0.08440975, 0.01258906, 0.005231331, -0.05282763, -0.09020141, 0.02387396, 0.01606552, -0.03333574, 0.09722961, -0.06775991, 0.06656329, -0.1010686, -0.001162023, -0.09360186, 0.003767627, 0.003042437, -0.01940567, 0.04183723, 0.0898242, 0.07014434, -0.01388752, 0.003609576, 0.03940228, 0.02621219, -0.05534893, -0.08830169, -0.02229868, -0.01137654, 0.09893516, -0.0231786, 0.009074293, 0.09171008, 0.02008537, 0.004025817, -0.006726152, -0.09453434, 0.001101333, -0.05316938
0.08960615, 0.01770703, 0.04186535, 0.05848255, 0.01024126, -0.04920314, -0.09357745, -0.03385007, 0.05501094, 0.03409269, -8.65086E-05, -0.02274451, -0.01191111, -0.08076549, -0.06930002, -0.04679836, -0.01940786, 0.007009394, 0.07341205, 0.07712455, 0.09987364, 0.09443015, -0.05291716, -0.07143475, -0.0304528, 0.02013958, 0.0210233, 0.07633064, -0.02018565, 0.09705497, 0.01474007, -0.001264099, -0.09772319, -0.0711737, 0.05359894, -0.02954376, -0.0719578, 0.02408903, 0.09494618, -0.01285164, 0.02132355, 0.08117722, -0.04172542, 0.04394349, 0.08651222, 0.02146385, 0.08889747, -0.009358165, 0.0606405, -0.03240444
-0.07809437, 0.08278564, -0.06938022, 0.02556257, -0.05048798, 0.09623361, -0.03158097, 0.01124158, -0.01036604, 0.0900676, 0.0311507, -0.06953216, 0.086293, 0.05712187, -0.08042897, -0.09799457, -0.02511909, -0.04144573, -0.03292685, 0.06063493, -0.07742921, 0.05337121, 0.01474935, -0.0121741, -0.04270633, -0.08189163, 0.03543706, 0.004437902, -0.05906725, 0.0498435, 0.03077223, -0.07005646, -0.08520736, -0.08828805, 0.07489305, 0.03052426, -0.03171698, -0.02093035, 0.08111316, 0.05783541, -0.09862624, 0.01750493, -0.06355, -0.09629769, 0.05796318, -0.009692512, 0.09259088, 0.002210341, 0.02478036, 0.08577316
-0.05742578, 0.0316944, -0.07720824, -0.09729001, -0.05289008, -0.0325794, -0.02949633, 0.04502126, -0.03433002, -0.06899045, -0.03792246, 0.06553676, -0.02952564, 0.04303308, -0.04301173, 0.0003268433, -0.08855788, 0.07990644, 0.08217195, -0.01070643, 0.03644874, 0.09952937, -0.02287699, 0.007474655, 0.05708657, 0.00663366, 0.01960804, 0.01261464, 0.02796247, 0.06653376, -0.07462893, -0.06742655, 0.08055015, -0.04107906, 0.006519207, -0.09693193, -0.09348162, -0.08423512, 0.06509887, 0.008310118, -0.03947128, 0.02144265, -0.08713528, 0.05161315, -0.002785539, -0.06356499, -0.05210546, -0.004369671, 0.04599776, -0.04459279
-0.02195282, -0.08436292, 0.01870188, -0.06342532, -0.0506463, -0.05318543, -0.04659783, 0.0165619, -0.05643253, 0.03857921, 0.05176527, 0.06176941, -0.08638487, 0.002683748, -0.09514507, -0.07344525, 0.08364569, -0.08653665, -0.06414773, -0.04045277, -0.006465272, 0.09863375, -0.08655347, -0.02461897, -0.07034802, -0.08700272, 0.08791607, 0.02654025, -0.09134361, 0.02162884, -0.04432545, -0.07780041, 0.06436173, -0.02520351, -0.01425993, -0.09055464, 0.01444487, 0.04680115, -0.09095814, -0.04040178, 0.04629654, -0.0118491, 0.07122173, -0.07443784, 0.05812835, -0.001818576, 0.007057532, 0.008771295, 0.04597196, -0.02810448
-0.04860609, -0.06278896, -0.03890855, -0.01412766, 0.06303128, -0.02138629, -0.09481417, -0.05450745, -0.09497237, -0.06475767, -0.0414781, 0.02818076, 0.007104727, 0.02389122, -0.01829553, 0.02794212, 0.09525404, 0.04187527, -0.08415059, 0.09546696, 0.01502004, -0.05947336, -0.09715637, 0.07504408, 0.01102968, -0.09401039, -0.07042155, 0.08673836, 0.01690212, 0.02910535, 0.005517094, -0.02043609, 0.08094111, 0.03960508, -0.03036476, -0.07939267, 0.06134685, -0.02131124, 0.009838866, -0.09294666, -0.09539853, -0.03329445, 0.0394099, 0.07396381, -0.09864216, -0.08074611, 0.08242077, -0.05232333, 0.04317533, -0.07170636
0.005436712, 0.06765506, -0.005620338, 0.04627888, 0.05491921, -0.09041748, -0.06472385, -0.01363134, 0.07481065, 0.0587021, -0.05182959, -0.08426093, 0.03007396, -0.02400104, 0.03009035, 0.08070341, 0.05006447, 0.06487127, -0.04859602, -0.03948472, 0.06770842, 0.01731753, -0.07068238, -0.09242576, 0.09115053, -0.05142818, -5.437128E-05, -0.07214091, 0.07570271, -0.007608925, -0.07477791, 0.08216603, -0.05528821, -0.01488549, -0.07460032, 0.03828994, 0.08420774, -0.07063629, 0.08374474, -0.04122648, 0.08685362, -0.0238231, 0.00308886, 0.0533338, 0.0552781, 0.08930357, 0.04001213, -0.0372472, -0.05643725, -0.08041913
-0.02790005, -0.08448811, 0.09652199, -0.02197775, -0.03848045, 0.08799285, 0.03535256, -0.016601, 0.05838798, 0.008988663, 0.007979529, -0.0965788, 0.01269787, -0.02075144, 0.0356467, -0.03091423, 0.07764874, -0.06233652, -0.0496007, 0.08978596, 0.09323019, 0.01606777, 0.08132236, 0.09402745, -0.02375417, -0.009414422, -0.08963664, -0.0239614, -0.04507818, -0.09573288, 0.01029979, -0.06218874, 0.08443172, 0.04910291, -0.07761093, -0.09334112, 0.08515191, 0.06002965, -0.07534899, -0.06434162, -0.09572208, 0.004456541, -0.02749977, -0.02483086, 0.04697285, 0.08265576, 0.06421129, -0.07763834, -0.08187577, -0.01205847
-0.08843271, -0.002032985, -0.08952811, -0.0460201, -0.07029352, 0.05472823, -0.06792899, 0.09917045, -0.0957666, 0.07260792, 0.07744689, -0.0431277, -0.0686049, 0.05177359, 0.09906836, -0.02682629, -0.07909194, 0.06163363, -0.04036424, 0.02533001, -0.01875394, -0.0878635, -0.08346067, -0.08380762, 0.08674703, -0.01040109, -0.05842662, 0.007936277, -0.05393044, -0.00416615, 0.02722063, 0.08928588, -0.04100105, 0.06453358, 0.09365117, -0.08846903, -0.07339443, 0.03126227, 0.02245102, -0.03219247, 0.07601996, 0.08785592, 0.0582309, -0.04816571, -0.04018174, 0.04685038, -0.02804821, 0.0230461, -0.02368076, -0.02509611
0.05915124, -0.09816699, 0.0626694, -0.005172182, -0.09263853, 0.1000561, -0.0190213, 0.09575886, -0.03284347, 0.03917916, 0.01362744, 0.02483668, 0.05201444, 0.008419155, -0.05488477, 0.08670875, 0.09712344, -0.03206062, 0.05851242, 0.08911714, -0.05365693, -0.009542309, -0.0614939, 0.0916418, 0.0498441, -0.007144492, -0.04578869, 0.06442757, 0.05613216, -0.05977247, -0.0829327, 0.01816722, -0.06907525, 0.07268247, 0.03594498, 0.02576446, -0.07371501, 0.06569536, 0.05729685, 0.0946556, 0.02907036, -0.06960105, -0.03594053, 0.08328631, 0.05464244, -0.04939979, -0.06532235, -0.05116232, -0.09266297, -0.02643357
0.05050472, -0.09559312, 0.06669898, -0.01374802, -0.07400538, -0.0309928, 0.06352051, 0.072114, 0.04635698, 0.01397077, 0.04282, 0.01631565, -0.06125444, -0.07564843, 0.02467537, 0.09418078, -0.004963799, 0.07819318, 0.07208654, 0.01927815, 0.06168906, -0.06764443, 0.008886342, 0.06288159, -0.04057396, -0.084075, -0.07441191, -0.04734324, -0.06039581, -0.003591043, -0.04148424, -0.09461845, 0.05706299, -0.01779076, -0.009891035, -0.08911084, 0.05220361, 0.04156324, 0.04453656, -0.03300256, 0.06169043, -0.04538231, -0.08168839, -0.05691703, -0.05112357, -0.0877732, 0.09225422, -0.06440831, -0.04056622, 0.06163352
0.05938753, -0.04432248, -0.02268351, -0.01415497, 0.009864897, 0.01488524, -0.004536028, -0.09804921, -0.07055964, -0.08721689, -0.06016033, 0.007170354, 0.03670126, -0.05238198, -0.04401273, 0.04062188, 0.06193012, 0.05362051, 0.03570392, 0.007980863, -0.0582039, 0.05051107, -0.0649426, 0.004284654, 0.05696533, 0.009257148, -0.08731758, -0.03296306, 0.01517848, -0.05300037, -0.0734036, 0.09162714, 0.09581207, -0.02552612, 0.03919826, -0.09685866, 0.02757886, -0.03209809, 0.07394474, 0.07444324, 0.01900259, 0.05278497, 0.01321225, 0.03316294, -0.07534268, -0.04534109, 0.01941198, 0.07200364, 0.08673305, 0.008057762
-0.04992483, -0.06295654, -0.002576891, 0.0520484, 0.02138891, -0.09046571, -0.08240408, 0.07099399, 0.0294418, -0.09756017, 0.00450486, -0.07255423, -0.01169021, 0.08350916, 0.08519223, -0.04997014, 0.01320425, -0.03957077, 0.009718489, -0.04718049, -0.08978102, -0.008220481, 0.08124144, 0.06259513, 0.09106984, -0.01111921, -0.06381498, 0.005960197, -0.02160391, 0.006474921, 0.09004605, -0.06005877, -0.0197131, -0.09541646, 0.09694283, 0.08972501, -0.006886597, -0.05537929, 0.05680752, 0.0293643, 0.08583649, 0.05853743, 0.04074635, 0.07275237, -0.0299743, -0.009634989, -0.03620224, 0.03132369, 0.047329, 0.0756874
0.03734531, -0.04159918, -0.03863358, 0.03744068, 0.001015721, 0.06188353, -0.04574001, 0.03544079, 0.05996345, -0.06997292, 0.07610128, 0.01601594, -0.01101881, -0.07472055, -0.08830334, -0.03876377, 0.04507602, -0.01408649, 0.08797423, 0.09965956, 0.05580483, -0.02979045, 0.004105672, 0.08235954, -0.03238513, -0.05013066, 0.05254216, -0.09018312, -0.009501222, 0.000681421, -0.07807414, 0.003544441, 0.05604202, 0.006016253, 0.06614232, 0.03078933, 0.07981512, 0.04727418, 0.003501293, -0.06459373, 0.03224804, 0.05578956, -0.01574254, 0.02438662, 0.05600087, -0.03082534, -0.03326907, 0.01458233, 0.06053997, -0.0895085
0.04328298, 0.0803654, 0.04516372, 0.04953137, -0.08100529, -0.03347905, 0.05786455, -0.01745552, -0.03258397, -0.0507955, -0.09119345, -0.05330031, -0.05636599, -0.03913577, -0.09273058, -0.02978908, 0.0553695, 0.08810728, -0.04196265, -0.01819211, -0.01456105, -0.09754644, 0.08096344, 0.05033356, -0.03541528, -0.0988287, 0.08873864, 0.07791749, -0.07415868, 0.09491073, 0.0826019, -0.0622618, -0.05021122, -0.01511306, 0.0566698, -0.05623559, 0.05905982, -0.0904839, -0.01552273, 0.0007351063, 0.07247367, -0.005294331, -0.02223356, -0.0456233, -0.07210086, -0.01343601, 0.01311545, -0.07669817, 0.01714889, -0.01592194
0.01551339, -0.02013254, -0.04552737, -0.02004785, 0.02381893, 0.04255129, 0.09897695, 0.09488139, -0.01644952, -0.08329123, -0.01978667, 0.08218498, -0.04499213, -0.02657044, -0.03396166, 0.06973296, 0.09495886, 0.06072648, 0.004867622, 0.06585879, 0.010554, 0.04617991, 0.004581675, 0.05809428, 0.009727954, 0.08980656, 0.02539955, 0.02676291, 0.02111626, 0.0786406, -0.01371551, 0.0646226, -0.04048861, 0.04431208, -0.02187465, 0.002716326, 0.08350182, 0.07341655, 0.06150374, -0.08513878, -0.05693557, 0.06280818, 0.02620586, -0.03324415, -0.07652397, 0.08993331, -0.06209825, -0.0953883, 0.08863575, -0.04155314
-0.009924159, 0.05432209, 0.02075411, 0.05209411, 0.07216084, 0.06906679, 0.07774245, -0.0007067479, 0.06898849, 0.03254455, -0.08434585, -0.02629372, -0.02799261, 0.005922783, 0.03005418, 0.01328249, 0.02044286, 0.01268462, 0.09384862, 0.06441098, 0.08882234, -0.07453202, 0.09686679, -0.01161065, 0.02101581, 0.04789265, -0.07810488, -0.06396907, 0.03534359, 0.0168612, 0.05189079, 0.02062822, 0.03792964, -0.03459921, -0.01199892, 0.03291443, -0.05528913, 0.007217423, 0.06954759, 0.009329895, 0.02450421, -0.01743404, -0.09753469, -0.0711805, 0.09810378, 0.07015467, -0.008789236, -0.08084927, 0.03667469, 0.008817069
-0.02814541, 0.02524728, -0.08906901, -0.07665164, -0.03252319, -0.03551184, 0.05716636, -0.06859506, -0.06859726, -0.07528232, 0.04647983, 0.04132421, 0.0642228, -0.04850049, 0.08119431, -0.004063116, 0.03595759, -0.09464536, -0.08261558, 0.09673967, -0.03189716, -0.08770946, 0.0437682, -0.01556393, -0.06008288, 0.006380159, -0.07733791, 0.06824247, -0.009164697, 0.05084706, -0.04242145, -0.09759456, -0.0006962232, -0.07477119, -0.05439816, -0.07422534, 0.0101055, 0.01360568, 0.09797286, -0.07683333, 0.07638714, -0.08581663, -0.02328371, 0.04476022, 0.06180998, 0.08338782, 0.01822642, 0.05117369, -0.05228481, 0.002117327
-0.06545577, -0.01465249, -0.09729205, 0.03860216, -0.0598906, -0.04102649, 0.08159488, 0.02542036, 0.08378169, 0.06222109, -0.05920206, 0.08759891, 0.04165742, -0.02014995, 0.06790259, 0.0455876, -0.05662312, 0.03728439, -0.09507554, 0.05415451, 0.08596809, -0.07834062, -0.09261592, 0.09384304, -0.07987574, -0.04560186, 0.03478174, 0.09900649, 0.0237424, -0.04348464, 0.08935567, -0.02854767, 0.02110507, 0.08634081, 0.01753234, 0.07169398, -0.100325, 0.05802356, 0.08500169, 0.08579168, -0.05440765, 0.08593372, 0.03019817, -0.06355236, 0.0803979, 0.08902372, -0.02610512, 0.09674738, 0.07674152, -0.08402999
0.04098467, 0.08035415, 0.04646683, -0.008597898, 0.0166927, -0.08789691, -0.02293269, -0.09286264, 0.01936673, 0.0877437, 0.02364825, 0.08033253, -0.09628446, 0.02686806, 0.07305382, 0.07174357, -0.03075186, 0.0521914, 0.06193351, 0.09453558, 0.04491609, -0.0164918, 0.05247656, -0.08070233, 0.009420007, 0.1003987, -0.01000816, 0.07210878, -0.08572445, -0.06730062, 0.08201449, 0.03823613, -0.07684727, 0.004030782, 0.01687793, -0.091399, 0.02449713, -0.07325875, -0.0292795, 0.004183067, -0.003715309, 0.09453415, -0.06050324, 0.09837585, -0.03984642, -0.03471448, 0.08358908, -0.09592085, -0.03705774, -0.09130647
0.01983538, 0.02084004, -0.06426178, 0.07964889, -0.02767466, -0.04304681, -0.07304362, 0.02542464, 0.08289775, 0.01850469, 0.02131963, 0.002515044, 0.09466514, -0.01370247, -0.09381621, 0.08766454, 0.06101778, -0.004425959, -0.09099708, 0.06303464, -0.05365588, -0.05887884, -0.01916888, -0.04199794, -0.0008380933, 0.0503802, -0.05771637, 0.05484848, 0.06067355, -0.05439631, -0.081731, -0.01383333, 0.009937141, -0.09894505, 0.01432169, -0.03962618, 0.002069922, -0.06113144, -0.06775845, -0.04178432, 0.08327525, -0.09881745, -0.05581679, 0.05347045, 0.07985468, 0.09382609, -0.09819389, 0.05312105, 0.09162138, -0.02739119
0.004749087, -0.01410942, 0.09526353, -0.001959718, 0.06440084, -0.0215949, -0.06185142, 0.07517401, -0.01800604, 0.02395758, -0.08569781, -0.03009792, 0.0665315, 0.03652744, 0.0004766808, -0.06232567, 0.09610702, 0.08909579, 0.07201983, 0.04428352, -0.01674764, 0.0190265, -0.03585806, 0.05189858, 0.08135282, -0.05513394, 0.09512766, 0.02874487, -0.02112339, 0.007473634, 0.04980782, -0.01044003, 0.0635832, -0.01632151, 0.04198491, 0.0309281, -0.009265628, -0.09108624, -0.06195179, -0.0654733, -0.07645281, 0.02915366, 0.05815526, 0.008636919, -0.05772351, 0.01329765, -0.06503876, 0.008529233, -0.0474446, 0.04278574
0.09592749, -0.09067293, 0.07896467, -0.05045738, 0.0924967, 0.08707448, -0.08040611, -0.0586469, 0.01691321, 0.01909922, -0.01434552, 0.01039347, -0.004247073, 0.07406112, 0.07401659, 0.02510232, 0.00554372, -0.01697844, 0.0962056, 0.07053168, 0.04424823, 0.08429614, 0.05398133, 0.03938369, 0.02220601, 0.05321955, 0.06040649, 0.05673499, 0.007864097, -0.02996235, -0.09134174, -0.01382111, -0.02501093, 0.03658778, 0.01075905, 0.03928253, 0.01066751, 0.01767115, -0.006925717, 0.05569879, 0.01014714, -0.0506025, -0.006072824, 0.01748327, 0.05220848, 0.01255214, -0.06938907, 0.08541544, 0.03509209, 0.01841323
-0.09575062, 0.05213325, 0.012287, -0.01394072, 0.09916627, -0.08760138, -0.04281887, -0.05785533, 0.02546218, -0.06353186, -0.07218233, -0.03379821, 0.03084517, -0.05205929, 0.009777555, 0.09636745, -0.0694662, 0.06440277, -0.03635686, -0.06298821, -0.0836685, 0.09079122, 0.0898602, -0.06003837, -0.04118047, -0.005242032, -0.007187508, -0.06498828, 0.08552948, -0.0926505, 0.02057224, 0.07462966, -0.07928552, 0.09524306, -0.03608964, -0.0423326, 0.07457605, 0.09409323, 0.0359124, 0.0001766462, -0.01997197, -0.03455059, 0.0910436, -0.04478199, 0.0313655, -0.05577065, 0.01687696, -0.05422322, -0.09177367, 0.05525029
-0.01654714, -0.03086293, 0.02414184, -0.003270903, -0.002310606, -0.08713177, 0.06501326, -0.02501368, -0.07348856, 0.003281708, 0.01735682, -0.07779027, -0.04448251, 0.01690732, 0.01723973, -0.04859535, -0.05518848, 0.03724603, 0.08199242, -0.04763139, -0.07480318, -0.060192, -0.07444319, 0.0613381, 0.05507096, 0.05126112, -0.09978215, 0.03066023, 0.01070626, -0.08899908, 0.07785272, -0.05268903, -0.07285222, -0.06809133, 0.02444599, -0.0482036, -0.04937975, 0.02143537, -0.005895377, -0.04848703, -0.007625148, -0.001719989, 0.06505984, -0.06686606, 0.08099658, -0.04178764, -0.08802914, -0.0290476, 0.03889325, -0.02089718
-0.09580933, 0.08031265, -0.03586895, 0.0520134, 0.0280266, -0.05950149, -0.05640829, 0.06137526, 0.04390175, 0.04946126, -0.09039704, -0.06994888, 0.06836917, -0.08636516, 0.02568903, -0.02663859, 0.09889536, -0.0802016, 0.09272459, -0.03934666, 0.1006002, 0.02089351, -0.05688102, 0.02957027, 0.06010225, 0.02847031, -0.02703984, 0.09301148, 0.0821059, -0.002524515, 0.04224204, 0.03083552, 0.09431074, -0.07285344, -0.09068314, 0.09800153, 0.08222318, -0.02965598, 0.005002542, -0.01722494, -0.08855145, -0.008110164, 0.07809457, 0.04663761, -0.06133256, -0.03742046, 0.03230339, 0.05238675, 0.007092764, 0.007111045
-0.0395015, 0.08991173, -0.02221596, -0.02337006, -0.02040321, -0.0166541, 0.03447133, 0.03141149, 0.09374218, -0.09797686, 0.0675982, -0.05183381, 0.08129679, -0.0539162, -0.09274641, -0.01850317, -0.05945161, 0.03575713, -0.09524065, 0.02619345, -0.01195736, 0.02500942, 0.0157366, 0.01170848, -0.04860387, 0.008055519, 0.04062918, -0.001197396, -0.008385997, 0.0005966443, 0.09726314, 0.02093213, -0.01382525, -0.03030313, -0.0619582, 0.05071326, -0.0472917, 0.01408594, 0.04957689, 0.02412731, -0.03513214, -0.04647467, -0.02198693, 0.003395409, 0.01320856, 0.06293155, 0.01101694, 0.03296379, 0.03857339, 0.05822437
-0.07995753, 0.09369785, 0.0464696, 0.08162768, -0.07752158, 0.03634656, -0.02753978, 0.06430143, -0.07436456, 0.07184722, 0.04434137, -0.06444246, -0.0600161, -0.007470192, -0.09497789, -0.0524414, 0.06256776, 0.01083381, -0.0910341, -0.04308018, -0.07315688, 0.02400401, 0.08789087, -0.01803741, -0.03730702, -0.06606379, -0.05404162, -0.08689134, 0.09769685, -0.009696103, 0.09641505, -0.09252622, 0.05972733, 0.03256251, -0.01954542, -0.09746554, 0.07423098, 0.005918683, -0.05136553, 0.001864832, -0.02226929, -0.01105546, -0.01021565, 0.07717231, 0.08149318, -0.07126159, -0.08762184, 0.08611051, -0.001317214, -0.03331423
0.09896842, -0.09874351, 0.02659564, -0.01931217, 0.0311119, -0.005517409, -0.09196512, -0.03382552, 0.01860204, 0.08896074, -0.01188519, -0.04172803, 0.06712108, 0.03549896, 0.07536596, 0.03668207, -0.02357007, 0.007123804, -0.08955691, -0.09871132, -0.02429085, -0.04086591, -0.04031979, 0.005356072, 0.07774311, 0.0386836, -0.06529487, -0.09080201, 0.002085852, -0.06801192, -0.07728773, -0.03949787, 0.01552867, 0.03061616, -0.007805973, 0.09625893, -0.01916728, -0.02426932, 0.09953585, 0.08535429, 0.0957328, 0.007878611, 0.08554695, -0.03911314, -0.08891471, -0.07971823, 0.02414656, 0.05340956, -0.09847016, -0.05663578
0.05548059, 0.004931645, 0.07572719, -0.006278758, 0.09024071, 0.03878031, 0.04014772, -0.08105347, 0.004494603, 0.09515991, -0.04136816, 0.09541747, 0.06679021, -0.01455329, 0.06680841, -0.06927527, 0.04719203, -0.06828194, -0.05738975, 0.07681887, -0.04568213, 0.09810601, 0.007585599, -0.074742, -0.09318932, 0.06809888, -0.02866797, -0.1001211, -0.004082791, 0.05961753, -0.08336423, -0.01833856, -0.09129428, -0.04678719, -0.02146821, 0.01696073, -0.01605565, -0.08323094, 0.04171248, 0.05186758, -0.04175024, -0.03522744, 0.07236908, -0.09397977, 0.02337683, 0.1001749, 0.0429466, 0.0003229477, -0.006225013, 0.08065453
-0.02652892, -0.009828005, 0.01147475, -0.07762013, 0.0909225, 0.05710482, 0.09528752, 0.04765058, -0.01096482, -0.07559613, -0.03367603, 0.03758006, 0.02485918, 0.043685, 0.07931253, 0.07960963, 0.0912907, 0.008059097, -0.09307987, -0.05203905, 0.04430288, 0.02711625, -0.009549226, -0.008119144, 0.02025247, 0.08913065, -0.07647286, 0.002864338, 0.003349943, -0.09137973, -0.07326745, 0.07144532, 0.006393572, 0.009886155, -0.0124221, 0.02458221, 0.07002346, 0.08168202, -0.03644157, 0.01962047, 0.02329881, 0.03907356, 0.02900327, 0.01768646, -0.01745679, 0.02045618, 0.04049233, -0.07114619, -0.07381388, 0.04456177
-0.09223303, -0.06939651, -0.008973245, -0.05214329, -0.0605472, 0.04782606, 0.09661983, -0.08317061, 0.003406361, -0.09860456, 0.03566717, -0.006959688, -0.05603634, -0.02084703, 0.09795555, -0.004262269, -0.06918001, -0.08570528, -0.04143792, -0.04471648, -0.09426174, -0.09491862, -0.0516424, -0.01026992, 0.0268141, -0.09575601, 0.09709727, 0.07445323, -0.09254494, -0.09767956, -0.05233188, 0.09429833, -0.02478321, 0.05856019, -0.09987603, 0.09416217, -0.01942686, -0.03760468, -0.02694191, 0.04059701, 0.02678067, 0.05389258, -0.01887802, -0.03983484, 0.08728863, -0.07064091, -0.008640039, -0.04859778, 0.0203508, 0.0887028
-0.01385867, 0.0257302, 0.07147053, 0.07496352, 0.03840302, -0.09661749, 0.08459663, -0.09622566, 0.01968345, -0.06798561, 0.05063311, -0.07457869, -0.09361831, 0.001112824, 0.05393616, 0.0381345, -0.08686587, -0.009814817, -0.02085887, -0.0944519, -0.08262862, 0.07100657, 0.04107164, 0.01735373, 0.02658111, -0.04829638, 0.02621062, 0.08545948, 0.001530253, -0.006176798, 0.01103426, 0.04563405, -0.04700648, -0.07560837, 0.01461211, 0.02223064, -0.07601237, 0.004297172, -0.08241867, 0.09835079, -0.09235749, -0.02631848, 0.04121864, -0.06110902, 0.09286071, 0.00185494, 0.0458148, 0.07908092, 0.006940075, -0.05149731
-0.08243854, -0.09787626, 0.07158609, 0.01704739, 0.06824562, 0.01502898, 0.08632649, -0.04395382, -0.05256647, -0.01575986, -0.02257865, 0.1010998, 0.0004002591, -0.07477838, 0.02085269, -0.09700059, 0.06795036, 0.08647214, 0.08710033, -0.06725326, 0.01533285, 0.009800863, -0.0267063, -0.01996251, 0.09668824, 0.04384458, -0.06856479, 0.0001622216, 0.02328558, -0.07722939, 0.004815091, 0.04715522, -0.02218875, -0.04220646, -0.0247095, 0.009666327, 0.07439364, 0.0405808, -0.04484932, -0.09823887, 0.03446415, 0.06568883, -0.04329026, 0.03200679, 0.02418856, -0.09323428, 0.07108773, 0.01613436, 0.01928125, 0.08919572
0.0343542, 0.06194479, 0.09399088, -0.0256208, 0.02943643, 0.006315424, 0.0318444, -0.00571552, 0.01936936, -0.07621974, -0.01859165, -0.01362213, 0.03248713, -0.07495777, 0.07942908, 0.02915453, 0.02139544, -0.05535719, 0.04825247, -0.0892357, -0.06794029, -0.06900662, 0.02890624, 0.08289634, -0.003995843, 0.05086403, -0.04546089, 0.03937388, 0.05691928, 0.08680528, 0.07360346, 0.01548756, 0.08186588, 0.03593767, -0.01131087, 0.04444181, 0.05351969, -0.09771347, 0.02596372, 0.06916572, 0.07849089, -0.02100271, -0.08058338, -0.06768609, 0.01855209, -0.05103064, -0.06496319, -0.06931172, 0.05255677, 0.09336112
-0.0112146, 0.0266945, 0.06747001, 0.006634661, 0.05563256, 0.002970851, -0.06768853, -0.09111743, 0.07894399, 0.08014707, -0.04811416, 0.09102393, 0.03894056, 0.03264668, -0.0498818, 0.06798133, 0.006899998, 0.09380366, 0.03613633, -0.06665122, 0.07455482, 0.01724899, 0.01952998, 0.07999193, -0.06726712, 0.05315176, -0.08931329, -0.002178382, -0.03548424, -0.05179771, 0.01642442, -0.07567383, 0.08733347, 0.06044197, -0.001119828, -0.05377425, 0.04797777, -0.02697557, 0.08108161, 0.08433113, 0.01365867, 0.0459327, -0.07611819, 0.04609098, 0.01647932, 0.08765301, 0.04112626, -0.01212139, 0.08138543, 0.05063583
0.04067514, -0.06101191, -0.007823714, 0.02084167, -0.07818551, 0.07320736, -0.09506574, 0.0861873, -0.02632566, -0.09831246, -0.004691937, 0.0355629, 0.0432715, 0.03078743, -0.03695898, -0.07259347, -0.09720153, 0.07896227, -0.06487302, -0.0941188, -0.08297549, -0.06844154, -0.08502268, 0.05357718, 0.02177598, -0.07269547, -0.006958447, 0.07454224, -0.03835086, -0.05219036, -0.08931317, 0.02208076, 0.01473189, 0.0147736, 0.006550772, -0.02329126, 0.03186175, -0.02947413, 0.04068004, 0.02674814, -0.06043669, 0.06164256, 0.101121, 0.07816235, -0.007558159, 0.07732393, -0.1005407, -0.005623443, -0.01621491, -0.009890925
0.08049353, 0.06442863, -0.0464802, 0.0767793, 0.03433919, 0.008571329, -0.07356467, 0.04288674, 0.09729135, 0.0934408, -0.02061594, -0.0685368, 0.02332284, -0.07327428, 0.09113547, 0.07079656, -0.08277841, -0.0666181, -0.07715169, 0.08798866, -0.0005720889, 0.0377664, -0.06489918, 0.005034755, 0.06420061, -0.04330912, -0.06798072, -0.06430057, -0.0381843, 0.0424467, -0.07178084, 0.0972999, -0.008777546, 0.07522172, -0.03302178, -0.05078507, -0.03219149, 0.03888383, 0.07924737, 0.0995791, -0.05039834, 0.08775862, -0.02789034, 0.04953577, -0.05447035, -0.09227935, -0.0604453, 0.0720098, 0.08785427, 0.020266
0.06216303, 0.06788627, -0.03096589, -0.003224623, 0.08984806, -0.05487273, 0.02675559, 0.04781812, -0.08680952, -0.02299773, -0.02182737, 0.09331494, -0.01977003, -0.04330478, 0.06503529, -0.01941215, 0.04015036, 0.04897523, 0.06231318, 0.04320767, 0.00184274, -0.02159534, -0.04453297, -0.07465701, 0.03883337, 0.01132163, -0.03388135, -0.01102439, -0.04253548, 0.05703866, -0.08478881, -0.04069138, -0.05287712, 0.04244994, 0.07801517, -0.0403601, 0.02910992, 0.09737232, 0.08686215, -0.07848381, 0.02086755, 0.01980296, 0.0258748, 0.001096027, 0.02270208, -0.04474501, 0.006390239, -0.0850143, 0.08316821, 0.06751399
-0.03342903, -0.006358074, -0.08661977, -0.05717174, -0.08273422, -0.0172371, 0.01497147, -0.05358104, 0.05707511, -0.02145375, 0.07675506, -0.06256914, -0.009867433, -0.04290237, -0.03828501, -0.0823864, 0.04663865, 0.03817895, -0.0234403, 0.00524522, 0.05464869, 0.04696849, 0.05848258, 0.03868354, -0.07937463, 0.0825804, 0.0534441, 0.05271818, 0.004610592, -0.01882019, -0.09420825, -0.04867896, 0.006670271, -0.009753689, -0.009010293, 0.02300658, -0.05404701, -0.0994238, 0.02267941, -0.005426525, 0.0454093, -0.01789252, -0.0622773, 0.009787476, -0.05867386, -0.01592158, -0.06749411, -0.03308651, -0.06102978, 0.003599768
0.01252519, 0.06787395, 0.038311, -0.02567892, -0.08794367, 0.01919421, 0.03321335, -0.02797952, -0.07579463, -0.0630102, 0.02829818, 0.05954769, 0.04386909, -0.02523467, -0.02648614, 0.02818485, 0.03499948, 0.0948998, 0.06614732, 0.03674391, 0.06945044, 0.04285198, -0.08397382, 0.08292147, 0.0614548, -0.02761501, 0.007028306, -0.0498931, -0.001358696, 0.0385542, 0.05171301, -0.01310161, 0.0142573, 0.09584727, 0.07013272, -0.06367453, 0.012718, -0.07186548, -0.02043204, 0.07014155, 0.091469, 0.0766818, 0.07767167, -0.01371874, 0.06351631, 0.08560746, 0.03903025, 0.06331607, -0.06423049, 0.01390409
0.0479546, -0.0658123, -0.001548864, 0.003556252, 0.03738877, 0.07073794, 0.04913757, 0.05286787, 0.01376894, 0.03991465, -0.08569545, -0.01674545, 0.07375634, -0.01507349, -0.01466309, -0.05743766, -0.05451137, 0.04737179, 0.006686795, -0.06264589, -0.08761744, 0.003053939, 0.01847605, 0.09800997, 0.04714334, 0.09219695, 0.06410416, 0.03165317, -0.0822646, 0.07847097, 0.03262454, 0.04342626, -0.0864133, 0.08407469, 0.09016056, 0.01628909, 0.08824822, -0.08633976, -0.03891128, 0.09984414, -0.01349046, 0.06064825, 0.01663959, 0.03861087, 0.05856815, 0.007359873, -0.09945454, -0.005765027, -0.09877526, 0.02252383
0.03646385, 0.09272868, -0.04240805, -0.09887873, 0.002600916, -0.0556569, 0.01854797, 0.002651743, 0.05422185, 0.04371603, -0.09297325, -0.08025794, 0.03413578, 0.03813437, -0.09459563, -0.03102508, -0.03360672, 0.09367284, -0.005644055, 0.06954128, -0.04295849, -0.06451225, -0.01450923, 0.006032052, 0.04870162, -0.04766415, 0.08918445, 0.07953034, -0.06196288, -0.06248908, 0.09076412, -0.02981157, 0.03070842, -0.0008184654, -0.05921475, 0.04228739, -0.01356905, -0.08513086, -0.02015069, 0.04597361, 0.0976779, -0.01715084, -0.04272095, 0.01692011, 0.09465975, -0.0319121, -0.07285759, 0.0799835, 0.03222417, -0.01223464
-0.05854486, -0.09212603, 0.09847733, -0.06719539, -0.03505651, 0.003046272, 0.006980862, 0.05234629, -0.04917782, -0.05165214, -0.04169985, 0.04140603, -0.0381282, 0.01776187, 0.0525455, 0.03512701, -0.01335491, -0.06294952, -0.003284212, -0.03282871, 0.08188862, -0.04782974, 0.01388135, 0.04923469, 0.07278166, 0.07245108, 0.07897768, 0.06757877, 0.01008328, -0.01842309, -0.07692385, -0.09179883, -0.05462067, 0.05305019, 0.0946091, 0.08246121, -0.02817053, 0.001493748, -0.06618994, 0.03889262, -0.06733825, 0.03223824, 0.06418641, -0.0698231, -0.009246417, -0.04393088, -0.08107737, 0.03948265, 0.06510113, -0.04038234
0.07918244, 0.0910918, -0.01732762, -0.03234787, 0.006228614, 0.08959571, -0.003984079, -0.04810873, -0.04171336, -0.009999996, 0.02467097, 0.04211365, -0.05979461, 0.06981688, -0.07514206, -0.05260334, -0.008660915, 0.01413446, 0.02331979, 0.07179722, -0.03449551, 0.08794899, -0.09687642, 0.0567405, -0.06722412, -0.05004064, -0.009848328, -0.01791187, -0.04276981, 0.01439454, 0.05208408, -0.06091439, -0.09808295, -0.04417402, 0.001056285, -0.06659932, 0.02590682, 0.08225588, -0.05456335, -0.09307109, -0.01518246, -0.08272208, -0.05778899, 0.04298537, -0.08294588, -0.009255384, -0.009101193, 0.09399361, -0.0939256, -0.05735738
0.06577265, 0.008689521, -0.08186021, 0.09204614, 0.09075754, 0.08963548, 0.09106235, 0.02860424, -0.06636132, -0.04354128, -0.002476143, -0.08648879, 0.09508833, 0.04495639, 0.03766553, -0.01515388, 0.03955927, 0.08590377, -0.0332117, 0.09075636, 0.02531738, 0.01319342, -0.03439251, 0.0138703, -0.01529373, -0.05047388, 0.04692442, -0.04133145, 0.04107874, 0.03946517, 0.06003268, -0.003562655, -0.0224724, -0.08457139, 0.04924295, -0.0545061, -0.07914671, -0.09259365, -0.03718087, 0.0109673, -0.05653327, 0.09652833, 0.04630497, 0.09078328, 0.006892661, -0.02785053, -0.07455063, -0.003783052, -0.0951549, 0.03035433
0.05436454, 0.004206939, 0.02461886, -0.08579244, 0.01773548, -0.04588298, -0.06017363, 0.001476545, 0.008477551, 0.04196048, -0.05518664, 0.03219789, 0.08770053, -0.006119546, -0.003550122, -0.09784528, 0.03825635, 0.07694539, 0.09726735, -0.007197599, -0.0395926, 0.02859998, 0.02513972, 0.05832411, 0.04975788, 0.02744896, 0.06536695, -0.02319556, -0.09390453, -0.08430582, -0.07673524, -0.04949467, -0.04718835, -0.09143367, 0.08466165, -0.04597091, 0.07162162, -0.03606406, 6.723179E-05, -0.005283693, -0.09508552, 0.02053924, 0.0007207152, 0.01997605, -0.03255196, 0.01035921, -0.09303442, -0.04685743, -0.005795957, 0.006547617
0.03137183, -0.05091709, 0.001841255, 0.0112668, -0.02960185, -0.07579765, 0.0814761, 0.06814407, -0.03591399, 0.09040739, -0.0136153, 0.06204924, -0.004230743, -0.007244054, 0.01884905, 0.09398987, -0.0203717, 0.07940735, 0.007455277, -0.05878837, -0.06683489, -0.02304571, -0.02558549, 0.0006652409, -0.01377405, 0.04076369, -0.07156619, -0.09657019, -0.007503899, -0.06285503, 0.02160533, 0.01278798, 0.08363713, -0.0005422414, -0.01475455, 0.07531764, 0.04859339, 0.03835784, 0.03608666, 0.06003286, -0.02620636, -0.09678722, 0.09800676, 0.01081616, -0.09433452, -0.05637918, -0.07283395, -0.09311309, -0.09899603, -0.02800503
0.07772107, 0.06355909, 0.06588712, 0.07284876, 0.02386728, -0.02497761, 0.05998862, -0.08412749, 0.08473281, -0.029837, -0.0246693, 0.07034694, -0.01362915, -0.0105255, 0.03960663, 0.01808105, -0.03383258, -0.05800032, -0.09185679, 0.07081316, 0.0901175, 0.02939944, 0.009229383, 0.06750479, -0.03104367, -0.03357805, 0.0449506, -0.01421651, -0.09288663, 0.02432919, -0.02430408, 0.03569271, -0.05546181, 0.0280874, -0.08748838, 0.0001475647, 0.0634972, -0.04029853, -0.0111999, 0.02439376, 0.08206671, -0.04158227, 0.0485042, -0.04476607, -0.04540901, 0.08048436, -0.02781222, 0.08655053, -0.08701175, -0.0448756
-0.01866342, 0.04915006, 0.04909664
-0.07392783, -0.1012347, -0.02162145
-0.04185835, 0.06333239, 0.0693592
0.09102443, 0.005187085, -0.005963814
0.01299859, -0.07866213, -0.02040585
0.08167189, 0.08915877, -0.07018067
-0.04164543, -0.04004247, 0.09585419
-0.01190031, -0.02090005, -0.07647334
-0.01238046, 0.08184581, -0.04039579
-0.09376826, -0.06386663, 0.008716444
0.05708123, -0.06737313, 0.02378126
0.10817, 0.02592049, 0.01119175
-0.09755222, -0.09659276, 0.01135378
0.02862417, -0.0950119, 0.04585452
-0.03642698, 0.07843769, -0.03221624
-0.06923974, -0.04796914, 0.04458998
-0.1007514, 0.07840589, -0.006405725
0.05266262, -0.0769935, -0.06922416
0.05406962, 0.01161765, -0.02619552
0.05732488, 0.03693085, -0.08106281
-0.09544187, -0.06832533, 0.02696009
-0.03155553, -0.06025067, -0.02627533
0.07587245, 0.0218297, -0.006848052
0.07705184, 0.05471905, 0.08404509
0.02380456, 0.03516801, -0.05513855
-0.05870738, -0.08131967, 0.004273924
0.07324234, -0.05354406, 0.03126786
0.02707349, -0.09194114, -0.04155494
-0.1004467, 0.09650234, -0.09202587
-0.0007215375, -0.06263108, -0.08120954
-0.07046371, -0.042779, -0.03383731
-0.01092765, 0.003487875, 0.07875526
-0.0991168, -0.08684532, 0.03405878
0.1032703, -0.03050307, 0.02843998
-0.04354562, -0.05538763, -0.07936056
0.009888107, -0.06341153, -0.01401085
0.08858301, 0.0003859584, -0.007487258
0.08503157, -0.09260173, -0.01389419
-0.02151114, -0.0007157958, -0.08183719
-0.03098682, -0.05502877, -0.04982641
-0.03588275, -0.02653264, -0.02428014
-0.02416188, 0.02316686, -0.0009749688
0.02603289, -0.06850726, -0.06684322
-0.04407743, -0.06726759, -0.09304825
0.07753717, 0.06349886, 0.0839719
-0.1009253, -0.03325474, 0.06562762
-0.07593068, 0.01474435, 0.05824684
0.03054825, 0.009194558, 0.04168649
0.03172158, -0.03663865, -0.04778714
0.07550201, 0.1015395, -0.09538178
0.04822676, 0.06624287, 0.06131587
