3x10x10x3
0.004574526, 0.005199146, -0.008359458, 0.003502293, 0.005136155, 0.00250169, -0.009670362, -0.0008408886, 0.007326973, 0.003745034
-0.004701249, 0.007405311, -0.009295978, -0.007102706, 0.000847706, -0.008346459, -0.001278064, -0.00353699, -0.008965357, 0.0007714529
-0.003536488, -0.00413762, 0.008048903, -0.002976009, 0.00104349, -0.006840955, 0.003782127, -0.009930874, 0.009217621, -0.002859902
0.006335127, -0.006062608, -0.005219892, 2.33529E-05, -0.003674386, 0.006987672, -0.007504359, -0.006890268, 0.001743759, -0.001760883
0.0215915, -0.01595092, -0.03756533, 0.02511657, -0.01705367, -0.0432989, 0.05129903, 0.02264201, 0.0986494, -0.03007137
-0.03909149, 0.09736408, -0.001671196, 0.04165962, -0.006691204, 0.06773763, -0.04946443, 0.06553898, -0.0417976, 0.08450598
-0.06847693, 0.06871299, -0.00327108, 0.009993243, 0.02075573, 0.08833355, -0.00188729, -0.001386236, 0.02674923, -0.03966645
-0.007664196, -0.09669039, 0.0200301, 0.03303839, 0.08286747, 0.075508, 0.07980839, -0.01286027, 0.05836461, -0.08762298
-0.07062589, -0.01633696, 0.03194929, -0.08453452, -0.005413218, 0.02422741, 0.0631105, 0.04238946, 0.04099211, -0.005302963
-0.008510168, 0.0595776, 0.06027127, -0.00155965, -0.008072637, -0.0120119, -0.07443374, -0.05869422, 0.03417927, 0.03430846
-0.05655218, 3.564148E-05, -0.01142606, -0.09040493, 0.09701312, -0.04240111, -0.02266602, 0.06529042, 0.05879214, 0.0178008
0.08792924, 0.06339584, -0.09282564, -0.05417462, 0.05513188, 0.04786004, -0.0632363, -0.01873656, -0.08459354, 0.09652832
-0.07477695, 0.05572325, 0.05762166, -0.06794781, 0.06884372, 0.03275821, -0.05696166, -0.07841025, -0.05888898, -0.005120625
0.04994173, 0.0385026, 0.05296047, -0.07594385, 0.06892921, 0.02933846, 0.09508909, 0.02235422, -0.08154765, -0.06301211
-0.0385607, -0.0656991, 0.04202541, -0.08152632, 0.02345043, 0.02229518, -0.045065, 0.04156053, -0.08467683, -0.01065107
-0.01676643, -0.08968452, -0.02463365
0.01955621, -0.0729096, 0.0548317
-0.01674254, 0.0336002, -0.09822599
-0.007936878, -0.09652802, -0.01068221
-0.09299369, -0.09338278, -0.08184982
-0.07653877, -0.01007459, -0.06663211
0.09739767, -0.06904199, -0.03696472
0.01264573, -0.00233851, -0.0450265
0.07042545, 0.08575907, -0.04060765
0.08644548, 0.09457935, 0.04028384
0.03970491, 0.03986697, -0.08594623
