3x20x30x3
-0.0002904476, 0.0003722729, 0.0008964197, -0.0002394625, -0.0001689102, -0.0007795515, 0.0008933436, -0.0005788936, 0.000520121, -0.0002541214, -0.0002214607, 0.0005727152, 0.0003276995, 0.0006767988, -0.0009906911, -0.0008861347, 0.0007592444, -0.0007074825, 0.0001325734, -0.0001943103
0.0003435629, 0.0006324198, -0.0001896175, -0.0009779996, 0.0006961201, -0.0007220173, 0.0002782955, 0.0003505791, -0.0005549068, -0.0008880941, -0.0008934271, -0.0002516118, 0.0006647038, 5.133017E-05, -0.0009183647, 0.000788325, -0.000678998, -0.0005703598, -0.0007480006, -0.0007937688
0.0009324601, -0.0001898286, -0.0004795457, -0.0001912934, 0.0003544846, 0.0007157387, -0.0004453732, -0.0009029632, -0.0001020833, 0.001114353, 0.001665129, -0.0004124394, -0.000293169, 0.0003768899, -0.0006411303, -0.0007937122, -0.001179507, 0.001653471, -0.0002016733, 0.0006465223
0.0008822894, 0.0005743164, 0.0006076611, 0.0001574015, -0.0009759942, -0.0009379983, 0.000610339, -0.0002398904, 0.0004855944, 0.0006492193, -6.144328E-05, -8.05576E-05, 0.0006766783, 0.0001403018, 8.781996E-05, 0.0001671289, -0.0003367997, -0.0002661787, -0.0005479952, 0.0007093914
0.004632333, -0.002434742, -0.006544305, -0.007411575, 0.006207337, 0.002773043, -0.006226148, -0.001990832, 0.0012854, -0.00101575, -0.005240176, 0.005885089, -0.001909827, 0.007564839, 0.004836266, -0.003145848, -0.003759082, -0.006739681, -0.00728585, 0.001249804, 0.007777469, -0.002773919, -0.006545982, 0.003637943, -0.007618643, -0.002863528, 0.005074056, 0.009184319, 0.004229, -0.005388243
0.003708004, -0.00901158, 0.008589959, 0.002919996, -0.002752236, -0.007354509, 0.0051261, 0.004385583, -0.003805744, 0.003632237, -0.0008385908, 0.0003101809, 0.007369268, -0.009890776, 0.006790356, 0.002757041, 0.008532106, 0.002947122, 0.007653333, -8.318199E-05, 0.00858906, -0.001212591, 0.009255907, -0.009425025, 0.006176572, -0.006254267, 0.005081778, 0.004376588, 0.0002244896, 0.004366407
-0.009828068, 0.006301602, 0.006410246, -0.009974188, 0.005165283, 0.006827494, 0.003434839, 0.004266928, 0.005693215, -0.009156119, -0.006972415, 0.009261376, -0.007434465, -0.001264181, -0.004871557, 0.006823851, -0.004251793, 0.004948524, 0.005064116, -0.003577204, 0.0003984182, -0.008741695, -0.001243611, 0.004696899, 0.002613728, -0.005066986, -0.008284329, 0.008013534, 0.006751052, -0.00649108
-0.002435918, -0.009239239, -0.005834004, 0.001830456, 0.003451734, 0.002861454, 0.003896919, 0.007339992, -0.005069255, 0.009970374, 0.009319852, -0.005736034, 0.007275443, 0.006810621, -0.00312032, 0.009335943, -0.003789251, 0.0005166131, 0.005455497, 0.009355007, 0.00798672, -0.009856826, 0.009300143, -0.006206875, -0.006023082, 0.008906464, -0.002437468, -0.008285691, -0.002591317, 0.0002285618
0.005097333, 0.005432635, 0.007511334, 0.002157839, 0.003255559, -0.007729288, 0.005081948, 0.0007236369, 0.005246049, 0.002266257, -0.007092108, -0.00160006, 1.261245E-05, 0.005103161, -0.002920059, -0.003876077, -0.006003959, 0.001923178, -0.002188742, 0.003289288, 0.008700906, 0.001215124, -0.007462915, 0.007395728, -0.004479737, -0.002562507, -0.008541194, -0.009628736, -0.002125699, 0.004556977
-0.004701122, 0.00219733, -6.36667E-05, 0.004706363, -0.005150377, -0.006091589, -0.003254174, -0.004910293, -0.006486671, -0.005379312, -0.005765578, 0.005476834, 0.005259129, -0.006805602, 0.006417107, -0.0004110509, 0.0001358824, -0.005796618, 0.006698808, 0.007852056, 0.004897894, 0.005625871, 0.003893577, 0.00412237, 0.001510725, -0.006084374, 0.002867135, -0.009888571, -0.003331716, -0.004161601
-0.009163502, 0.004710007, -0.007135694, -0.00926181, -0.003024906, 0.0007315424, 0.008479759, 0.005285331, 0.0002623865, -0.00681112, 0.009385099, 0.008906466, -0.001602979, -0.006819672, -0.0009450763, -0.00675504, 0.005940883, 0.009388495, -0.009031093, 0.005911589, 0.00732332, 0.007206045, -0.006304409, 2.623675E-05, 0.00963594, -0.0003073259, 0.008265327, 0.00581011, -0.00679379, -0.009055456
0.001057016, -0.003366542, 0.008429449, 0.007705118, -0.00619697, -0.000481695, 0.002624134, 0.004532203, 0.006250723, -0.004305398, 0.00112928, 0.004857834, 0.003973506, 0.003500954, 0.008484878, 0.006011208, -0.002799567, 0.000732033, -0.004912636, -0.001743259, -0.002013926, 0.003474997, 0.009151807, 0.0007469103, -0.001469915, -0.006400044, 0.001041202, 0.002842795, -0.008925973, 0.007262666
0.002451253, -0.00733882, 0.002067238, -0.0007151535, 0.002137185, 0.002731111, -0.009528438, 0.0007146682, 0.009389294, 0.009517836, 0.0006228645, -0.008587293, -0.006860883, 0.005277209, -0.005204313, -0.007552032, -0.006754853, 0.0001645743, 0.001547399, -0.006364747, -0.007512288, -0.002436816, 0.000716546, 0.004949503, 0.002973509, 0.007563371, -0.002493501, -0.002314526, -0.0008391466, -0.00980725
0.008452787, 0.009795641, 0.003448959, 0.008942887, 0.003215319, -0.001534637, -0.007230848, -0.005314746, -0.008680805, -0.004252789, 0.005516718, 0.006476904, 0.001347527, -0.004417125, 0.007607757, -0.003443773, 0.0003537515, -0.006166688, -0.004049502, -0.003898174, -0.009678008, -0.009085315, -0.008737845, 0.00743489, 0.004784772, -0.005105047, 0.001960728, 0.007117616, 0.00632708, 0.004580211
-0.004793298, 0.002815317, -0.008446029, 0.009168493, -0.008986014, 0.0008542099, -0.00205986, -0.005843675, -0.008023318, 0.00634206, 0.0096369, 0.008540642, -0.001168743, -0.004182546, -0.001939462, -0.003998806, 0.006235955, -0.004887503, 0.007321884, -0.003569952, -0.002828019, -0.006318385, -0.008301626, -0.00693963, 0.009853761, 0.007587388, 0.008506281, 0.006007214, -0.005788614, -0.001647798
0.006528685, -0.004334282, -0.001622393, -0.003208052, -0.009479827, -0.00725119, 0.004932857, 0.00212566, -0.005467867, -0.003215622, 0.008601438, -0.003814435, -0.008173651, -0.0003944623, -0.003568469, -0.008196577, 0.002076877, 0.005498679, -0.0006535992, -0.001237381, -0.001331327, -0.003218221, 0.009809563, -9.302622E-05, -0.002637496, -0.008413217, 0.001041368, 0.008483285, 0.009362435, -0.006538339
0.002379983, 0.001948397, 0.009969214, 0.003693389, 0.009819372, 0.003991188, 0.0001801907, -0.007980195, -0.004696065, -0.004653091, 0.001083555, -0.005888928, -0.00938028, 0.0005247104, -0.002176612, -0.008970683, -0.008189097, 0.002144187, 0.006645247, 0.008030695, -0.004479262, -0.007027132, -0.003329404, 0.005435227, 0.009683459, -0.0002631756, -0.00414103, 0.008472049, 0.009418886, 0.008928393
0.001698758, 0.006450871, 0.002759411, -0.008944673, 0.004404567, -0.003357576, -0.003789376, -0.001856093, -0.0002131509, 0.00243524, 0.001624484, 5.71339E-05, 0.0002098041, -0.005997817, 0.007682379, -0.005447017, -0.003837145, -0.0007317859, -0.007907342, -0.003660451, 0.009768794, 0.00891947, -0.008170984, -0.008672528, 0.007954759, -0.0006097309, -0.004697292, -0.005462907, 0.004000049, 7.406015E-05
-0.001863479, 0.001686333, -0.007401308, -0.003621185, 0.003665394, 0.004629956, 0.001361379, 0.009570837, 0.006149114, -0.008832414, 0.004827363, 0.003671234, -0.007678986, -0.005795369, -0.003573605, 0.005452307, 0.002777863, -0.007320561, 0.007738339, 0.005123098, -0.006401747, 0.00656826, 0.006405225, 0.003091736, 0.009144711, 0.002789992, 0.004592418, 0.00142981, -0.006899574, -0.004981785
-0.008649351, -0.008329692, 0.004149263, 0.009733576, -0.005680732, 0.00992681, -0.002530569, -0.006152199, 0.0003705871, -0.006943408, 0.003212412, -0.003399178, 0.003149378, -0.009083055, 0.001533219, -0.003887309, 0.00657487, 0.007634147, 0.004921123, -0.007503193, 0.006622621, -0.007373565, -0.00319404, 0.008867649, -0.003506634, 0.001533011, 0.005312842, -0.0004887446, -0.002796897, -0.009145418
-0.009960595, 0.009893198, 0.006458855, 0.001126776, 0.009857394, 0.003133575, 0.009535628, -0.00737792, 0.009954002, -0.003526704, -0.001990735, -0.001054986, 0.002280643, 0.004672321, -0.008039668, 0.006981553, -0.006568437, 0.00549265, -0.008444397, 0.003025113, 0.006250935, 0.006949083, 0.006546142, -0.009383104, -0.001604319, 0.008706758, 0.004858482, 0.005282953, 0.003213186, 0.002772626
-0.005414375, 0.007977859, 0.006635379, -0.0005331032, -0.006996585, 0.00328995, 0.0001199324, -0.007948979, -0.008959384, 0.008391782, -0.003428631, 0.003952422, 0.007745467, -0.001542519, 0.004479616, -0.002329147, 0.0003372019, 0.002073234, 0.006944372, -0.0004614473, -0.001940295, 0.009900845, -0.002092581, 0.004153777, -0.005343638, -0.006963962, -0.006561984, 0.005850358, -0.007300192, -0.008877811
0.0082512, -0.005768164, -0.0006131119, -0.002872321, -0.008126374, 3.62446E-05, 0.002297097, -0.007194126, 0.001647811, -0.001359784, -0.003163837, -0.008626071, 0.004365328, -0.006824218, -0.003553593, -0.007748981, 0.009266539, -0.001937022, -0.00390795, -0.009266055, -0.001627023, -0.007223434, 0.008347958, -0.006294902, -0.005322671, -0.005255692, 2.624836E-06, -0.007528014, -0.005141926, -0.009998988
-0.0001290669, 0.004300474, 0.009373228, 0.009964776, -0.009874738, -0.007636612, -0.005430202, 0.0005882241, -0.003447446, -0.005519884, 0.005371008, -0.002475743, -0.009531871, -0.001699669, -0.007327617, -0.003276779, -0.004503404, -0.005239389, -0.002278554, -0.00760473, -0.006244001, 0.005359844, -0.0002565643, -0.008050215, 0.002751834, 0.005474351, -0.00410635, -0.004318113, -0.007545786, 0.00712996
-0.0001754888, 0.00305577, 0.001242898, 0.002984639, 0.003630316, -0.008578811, -0.0008027077, 0.001729223, -0.002176917, 0.004678154, -0.00462046, -0.009008358, 0.002607834, -0.008181732, -0.007194546, 4.288756E-05, -0.0005363567, 0.00386975, -0.00886065, -0.0008616426, 0.00146111, -0.006489805, 0.007553248, -0.001399772, 0.004521074, -0.006864115, 0.002258435, -0.001075876, -0.003419773, 0.001251832
-0.003125176, 0.002715138, -0.008343377
0.002737666, -0.004656478, 0.009896822
0.009918247, 0.006026368, 0.001158166
-0.005473157, 0.004253502, -0.006194822
8.990699E-05, 0.007766968, 0.009542815
0.007234295, 0.003742391, 0.007725422
0.003125045, 0.006704275, -0.005145454
0.00364296, 0.004392846, -0.001417397
-0.007117438, 0.008656932, 0.0001492411
-0.008832185, -0.006560139, -0.009317344
-0.006446296, 0.002096119, 0.008045048
0.002174012, 0.004000264, 0.00378762
-0.00261654, -0.007450667, 0.009290406
-0.008363427, -0.00746508, 0.003341237
-0.006705223, 0.004478159, -0.008399135
-0.008974608, -0.003767238, -0.001347857
0.005828667, 0.002462123, 0.009072237
-0.008377807, 0.003469618, 0.00657016
-0.002343968, -0.002999633, -0.002770735
0.006766594, -0.0003143254, -0.002820466
-0.0002007416, 0.008853441, 0.002231374
0.0002060153, -0.008873203, -0.007280406
-0.004039432, 0.007193008, -0.00558336
-0.004280716, 0.000366431, 0.0003863388
0.008578978, 0.001045127, 0.004517244
0.001240916, 0.0006066381, -0.009718751
-0.002968766, -0.008114566, 0.002220399
-0.008545951, -0.004843756, 0.00143433
-0.008534802, -0.007574388, 0.008193688
-0.008485237, -0.005552543, -0.002987209
0.03902958, -0.0723777, -0.004299833
