3x20x30x3
8.798995E-05, 0.000472842, 2.346978E-05, -2.420837E-05, -0.0006053026, 0.0008100691, 0.0006582586, 4.040053E-05, 0.0001645694, 0.0003580893, 0.0001629237, -0.0001311911, 5.505291E-06, 0.0007774088, -6.329448E-06, 0.0005178566, 0.0001964151, 0.0008070898, 0.0008152059, -0.00101398
-0.000281352, -0.0004759731, -0.000956655, -0.0004602758, -9.868251E-05, 0.0006320666, 0.0004576529, -0.0006003089, 6.589488E-05, 0.0006242468, 0.0007315287, 0.0007394485, -0.0004352278, 0.0004471041, 0.0003865704, 0.0006777661, -0.0005543895, 0.0004049722, 0.0007423202, 0.0005848912
0.0002199916, -0.0002523946, 0.0004549601, -0.0007896321, -0.0009185356, -0.0005630212, -5.972404E-05, -0.0002316356, -0.0001828506, -0.0006729477, 0.0003485582, 0.0007194466, 0.0007482991, -0.0006393736, -0.000820789, -0.0003332573, 0.0004541643, -0.0006581694, 7.164142E-05, 0.000457434
0.000284992, -0.000254752, -2.150318E-05, -0.0006367484, 0.0006459443, -0.0008088272, -0.0004407807, 0.0001791741, 0.0008022807, -0.0001249993, 0.0004190375, -0.0009396194, 0.0005023376, -0.0007904255, -0.0008236126, 0.0003869367, -0.000119295, -0.0003199946, 0.0004539457, -3.722402E-05
-0.001327851, -0.00954775, 0.004804806, 0.0006536676, -0.006135034, -0.008326406, 0.005638661, -0.006194841, -0.002746861, 0.008288562, 0.002191806, 0.008827923, -0.009360505, 0.002247039, 0.002549007, -0.003671138, -0.00199582, 0.00254387, -0.001670625, -0.003024252, 0.005106709, -0.007846976, 0.003084415, -0.002350937, 0.002845623, 0.001696222, 0.001545334, 0.004074458, 0.002717299, -0.006709703
-0.008264386, -0.005310203, -0.007178742, -0.007956754, -0.0006423105, 0.001858856, 0.009573905, -0.005332019, 0.00425258, 0.00305027, -0.007956359, 0.007073333, -0.0008868231, 0.0007898159, -0.0003652996, -0.00881566, -0.003360108, 0.009600784, 0.002385781, 0.001150083, -0.008052398, -0.001446168, 0.003119519, -0.008930213, 0.0001279409, 0.007251375, 0.008268545, 0.00423445, 0.006897432, 0.002665561
0.008038078, 0.003347066, -0.003110718, -0.008233773, -0.004238607, 0.0004170349, -0.001814603, -0.009888709, -0.0001317465, -0.008774889, -8.635401E-05, -0.007018579, -0.0005577422, 0.00979663, -0.0005674105, 0.004622257, 0.009963675, -0.009244893, -0.00586526, 0.002890159, 0.003236708, 0.003115247, -0.007402808, 0.002139636, -0.006739506, 0.003183881, 0.001571969, -0.008249383, 0.001913837, 0.00210512
0.003589605, -0.004658898, -0.002228914, -0.008412098, 0.00501279, -0.001302348, 0.000182913, -0.002653323, -0.004969887, 0.009218418, 0.002998144, -0.003471609, -0.0002671271, 0.001157967, -0.00876099, 0.008965509, 0.009109166, 0.003320577, 0.00163972, 0.005503663, 0.007289259, 0.007515901, 0.0001006834, -0.005995317, 0.009430187, -0.005079283, 0.000748505, 0.004750466, 0.008508267, 0.00257788
0.008844389, -0.00356648, -0.00180387, 0.007765031, -0.002364528, -0.00542917, 0.005207521, -0.002143689, -0.005215227, -0.009265114, -0.005565012, 0.002615867, 0.005725177, -0.005083282, 0.009889191, -0.003293523, -0.006618387, 0.001437538, 0.0009013339, -0.005706755, 0.004072785, 0.008250645, 0.000113836, 0.006408171, 0.004816566, 0.006075246, 0.005242179, -0.006234249, -0.007841617, 8.986526E-05
0.007948268, 0.005434837, -0.001160642, 0.002453156, -0.009626346, -0.003434014, 0.008330034, 0.001969844, -0.006474301, 0.006668212, -0.006245571, 0.001253071, -0.001462314, 0.0009021528, 0.0010692, -0.005328807, -0.00821291, -0.00482079, -0.005880635, 0.002719775, -0.008460573, 0.009312257, -0.006147974, 0.004209516, 0.008506902, -0.009406118, 0.006320509, 0.001787878, -0.007049342, 0.001558383
-0.0006716814, 0.001443479, -0.004301161, 0.004694927, -0.007214558, -0.0009989017, -0.006224881, -0.006725213, -0.005454493, 0.003322424, -0.001626986, 0.001412523, -0.002085933, 0.00423232, -0.009462892, -0.007182366, -0.0002892996, 0.009207855, -0.004658545, 0.0001424141, 0.004287105, 6.215895E-05, 0.009648936, -0.0005659524, -0.001448549, 0.008638308, 0.001585219, 0.004628887, 0.003946376, 0.009777088
0.0002454388, -0.003454534, -0.0009787037, 0.001966161, -0.002661212, 0.002313579, -0.004445527, 0.003844281, -0.001880784, -0.007932501, -0.009104738, 0.008513945, -0.009363892, 0.0007949834, -0.005652244, 0.0001257224, 0.001395615, -0.0003839339, 0.003675302, 0.00568677, 0.0008838829, 0.007112988, -0.003552655, 0.002803937, 0.007272277, 0.00926696, 0.001795487, 0.00626445, -0.003856174, -0.005854073
0.007415649, -0.0008524176, -0.0006708893, -0.005231604, -0.006923412, -0.00817157, -0.007609352, 0.005948885, -0.003105027, -0.001776624, 0.007261886, 0.005866866, 0.001089723, -0.006727128, -0.0007526519, 0.005772221, -0.0005754611, -0.001148163, -0.004912044, 0.008424095, -0.002757174, -0.008030546, -0.009045357, 0.008257112, -0.001106067, 0.003132826, -0.009901307, 0.006217202, 0.004694477, -0.001929057
-0.009482719, -0.0007092461, -0.002299648, -0.006025305, -0.005347998, 0.00174773, -0.0008173689, 0.005868889, -0.002279724, -0.007480373, -0.002267956, 0.005446201, -0.007278244, -0.004549697, 0.008424898, 0.005015437, -0.003978967, -0.006828359, -0.006441108, -0.00850249, -0.0001576326, -0.007055293, 0.001178834, -0.002283533, 0.006904406, 0.005445955, -0.001806707, 0.001072063, 0.005876366, -5.74524E-05
-0.008269776, -0.003825327, -0.008744468, 0.00882258, -0.002295429, -0.002027821, -0.001832797, -0.002883011, 0.008621732, 0.007498395, -0.003411244, 0.003557073, -0.008866602, -0.007430919, 0.0006900923, 0.001795832, 0.009247431, 0.005502877, 0.009832663, 0.003877746, -0.002889335, 0.006925005, 0.002658803, 0.003195099, 0.008228391, 0.007575483, 0.008114306, 0.009982721, -0.002931527, -0.0007957526
-0.006444447, 0.008113624, 0.009995296, 0.007774229, -0.009211778, -0.008439288, 0.004194596, -0.006101631, 0.007745681, 0.0004518733, -0.003147166, 0.008906717, -0.00544863, -0.003939911, 0.004911145, 0.006286759, -0.008188477, -0.001389918, 0.00702642, -0.004890292, 0.006200267, 0.002690083, 0.001236335, -0.008001056, -0.007168872, -0.005194588, 0.003515471, -0.001939611, -0.009407739, 0.0001303705
-0.0001414467, -0.001816483, -0.009951618, -0.0005836046, 0.003943375, -0.001525002, 0.003564155, -0.006643211, -0.008221513, -0.000870353, 0.007605375, 0.005349169, 0.007755699, -0.0006180913, -0.002973652, -0.001793833, 0.002376014, -0.003397602, 0.008281432, -0.008055268, 0.005764932, -0.0004957003, -0.007046757, -0.008036903, 0.003002684, 0.0008640896, -0.003124484, 0.007996948, 0.004941969, 0.005985225
-0.001956106, -0.003868982, -0.00669692, -0.002380656, -0.009404113, 0.008666059, 0.008854838, 0.005133274, 0.002115966, -0.003561814, -0.00727958, 0.00845134, -0.003171432, -0.002104141, -0.002494712, -0.009149048, 0.004934226, -0.008144413, 0.004972346, 0.004624791, 0.002429726, -0.003084104, -0.0002194715, 0.008649088, 0.004366303, -0.009649422, -0.004772324, 0.008086747, 0.006417349, -0.006919496
-0.008401579, 0.005564458, -0.001587729, -0.004203462, -0.008913923, 0.001471074, 0.002041698, 0.0001388284, -0.001213141, -0.001639544, -0.0006550537, 0.007240548, 0.004486055, 0.001844177, 0.009220009, 0.007311105, -0.007324881, 0.005055714, 0.00445823, 0.002149662, 0.005926907, -0.004981085, -0.00697114, -0.009684816, -0.0064436, -0.008870137, 0.00635276, -0.005346824, 0.003254181, -0.009757661
0.003437984, -0.009228565, 0.008717823, -0.0009649536, -0.00516147, -0.002841691, 3.800928E-05, -0.008965368, -0.003186812, 0.006033557, -0.00119364, -0.005203253, 0.003071583, -0.003390395, -0.004720071, 0.005187001, 0.002426362, 0.007931271, 0.009432955, 0.007051386, 0.007675568, 0.0001722075, -0.00636909, -0.005738292, -0.00284488, 0.006580944, 0.002537355, -0.001903515, -0.007758952, 0.009953898
0.005118804, -0.002608645, 0.006886852, -0.001457584, 0.004920797, -0.001424015, 0.008524055, -0.00454723, -0.002992703, 0.002060477, -0.00272688, -0.008357354, -0.001754942, 0.008424218, -0.006657035, 0.001129438, 0.00194606, 0.00641678, 0.00503685, -0.001631976, -0.001296558, 0.008420276, -0.00477965, 0.006199772, -0.007433062, -0.006731991, 0.007142399, 0.004455199, -0.008121438, -0.001743833
0.004619929, -0.008056673, 0.008794018, -0.003139248, -0.009084495, -0.008583994, -0.002092075, -0.005470796, 0.001691109, 0.006704894, 0.006661139, -0.003026908, 0.0009244304, -0.002630837, -0.0002190429, 0.006031773, -0.008076043, -0.004796517, -0.009077949, 0.00602279, -0.005363507, 0.006123536, 0.00306141, 0.003869411, 0.001252261, 0.006696121, -0.007830385, -0.009311987, -0.004021203, 0.001652829
0.001433193, -0.00593213, -0.006426698, 0.008752289, 0.007439883, -0.004671617, -0.007153684, -0.008612997, 0.00750973, -0.008073631, -0.00678289, -0.002583684, -0.00527347, 0.008332939, 0.001703119, -0.008271619, -0.00250472, 0.007849307, -0.003580626, -0.003466572, -0.008658451, 0.001937136, 0.003536049, -0.004146548, -0.006379865, 0.008499178, -0.001115306, -0.005076549, 0.005608167, -0.005783483
0.00924778, -0.00277597, 0.00855403, -0.009966167, -0.004730617, 0.002597447, -0.006595994, 0.002172914, -6.985422E-05, -0.005549173, 0.00318907, -0.009459262, -0.002303269, 0.00899565, 0.002806656, 0.007220825, 0.001396805, 0.004727324, -0.007833039, -0.0004758113, -0.0007982972, -0.005681434, 0.004266242, 0.009443829, 0.0003105195, 0.009498433, 0.0005332488, 0.007718917, 0.005129099, 0.008940483
0.001566511, -0.006063713, 0.004001745, 0.005324261, 0.005666999, -0.002402933, -0.003148768, 0.0003675414, 0.006063004, -0.005277104, -0.001146285, -0.004501302, -0.0003959196, -0.004002287, -0.00818622, -0.0001608784, 0.001008585, 0.0007935941, 0.0001423757, -0.002459581, 0.001002647, 0.009189797, -0.0005576746, -0.006263553, 0.001451994, -0.0008943426, 0.003781818, 0.00986665, 0.004928639, -0.004780992
-0.002238236, -0.003476429, -0.0038846
0.00428924, -0.001615832, 0.002289245
-0.009415501, -0.002480607, 0.0003167
0.007825365, 0.007496207, 0.006427098
0.0003375154, 0.003460618, -0.007820719
-0.00105682, -0.003011747, -0.001812911
-0.006220629, -0.009228838, -0.008586164
-0.007942654, 0.001981291, 0.005548378
0.00274654, 0.004347249, 0.0008182255
-0.0007981482, 0.00330799, 0.003562767
-0.007933564, -0.00963364, -0.009222974
0.002740296, -0.005594519, 0.007512557
-0.003792611, -0.001033483, 8.246202E-05
3.072385E-05, -0.005982631, -0.0008702414
0.007313796, 0.0009560957, 0.004276482
-0.005963953, -0.003753915, -0.007053672
0.006979834, -0.007612339, 0.009773018
-0.00714671, -0.0060198, -0.0047314
-0.004881594, 0.006926379, 0.004133736
0.008435681, -0.00844172, 0.00397069
-0.008530836, 0.001379984, 0.004270767
0.006750377, 0.005714163, 0.007162764
0.005650703, 0.007605371, -0.0008720634
-0.00532872, -0.007229972, 0.008011546
0.008104478, 0.003747561, 0.00674978
0.002284333, -0.005248548, -0.008928915
-0.008729462, -0.001308061, -0.001862967
-0.002133079, 0.00215912, 0.0008749625
0.003786654, 0.009187388, 0.006380349
0.005510457, -0.002358755, -0.002556489
-0.004516876, 0.003345171, 0.003889676
