3x20x30x3
-0.0007641406, -0.0008476565, 1.380345E-05, 0.0001289744, -0.0008991708, -0.0005021773, 0.0002196689, 0.0005579129, -0.0008522458, 5.046292E-05, -0.0008744876, 0.000105655, 0.0002214317, -0.0005314216, -0.0002633634, 0.0009846347, 0.0006289289, 0.0001307945, -0.0003996453, 0.0003156647
-0.0009897595, -7.042736E-05, 0.0006172399, 0.0004436966, 0.0002477943, -0.0001130687, -0.0007296113, 0.0009764139, -0.0005893381, 0.0001895736, 0.0007724948, -0.0007974257, -0.0008296475, 0.0001506541, -0.0001791409, 6.740936E-05, 0.0002423832, -0.0004397301, 0.0006039633, 0.0003151089
-2.755699E-05, 0.0001324098, 0.0009544445, -0.0009140784, 0.0003806987, 0.000789111, -0.0008026804, -0.000683909, 0.0003813469, 0.0006770475, 0.0003098409, 0.0002381582, -0.0009565487, -0.0002895484, 0.00051543, 0.0001996085, 0.0005528159, 0.0006615848, -0.0006521606, -0.0006624096
-0.0006519014, -0.000172396, 0.000438178, -0.0003050588, 0.0003650392, 0.000822787, -0.0004848898, 0.0009029846, 0.0003522582, 0.0005270335, 0.000168882, 0.0005936018, 0.0006970305, -0.0009975201, -0.0009808078, -0.0002912233, -9.584299E-05, 0.0008795459, -9.164723E-05, -0.0006605097
0.009304084, 0.004985086, -0.002995329, -0.005420791, -0.009195815, 0.004494266, 0.004285679, 0.00766698, 0.005648103, -0.000854808, 0.0001521611, 0.008020538, -0.0001381002, 0.002343896, 0.002811425, -0.006472387, -0.005426139, 0.008611767, 0.003978789, -0.004251257, 2.716834E-05, -0.007509322, -0.007013464, 0.00347006, 0.00620921, 0.009875697, 0.006872272, 0.007284446, 0.002701731, 0.008276555
-0.00630998, -0.002748425, 0.005269297, -0.003196588, 0.008330021, -0.002914769, -0.005548742, 0.003673884, 0.001890883, -0.003202206, 0.002417231, 0.007216122, 0.009093211, -0.004655065, 0.005459205, 0.002432459, 0.008328031, -0.00369727, 0.009822797, -0.004472272, -0.003029437, -0.004592663, -0.008881535, -0.003700459, 0.004125103, -0.006108547, 0.0005368891, -0.006781293, -0.00667265, -0.009873612
0.008167564, -0.008196845, -0.009844437, 0.009184875, -0.009889807, -0.007224156, -0.007549371, 0.005687302, 0.00338775, 0.005901323, 0.009882961, 0.009796334, 0.005045684, -0.0005886246, 0.004094736, -0.007340258, -0.009456998, 0.001527512, -0.004103997, -0.005147974, -0.00984274, -0.003600869, 0.00235293, 0.00274883, 0.009593329, 0.008282441, -0.003866845, -0.001030292, 0.002678272, 0.004438323
0.006548172, -0.008767588, 0.0003463371, 0.001764434, -0.00136961, 0.0006139913, 0.007060476, 0.009908404, -0.00476522, 0.002683523, -1.805466E-05, -0.007359402, 0.002914831, -0.006078529, -0.004355418, -0.002825708, 0.0003614913, 0.001706859, 0.002204932, 0.001465545, -0.006651226, 0.0090095, 0.007322754, 0.00847534, 0.009969038, 0.001768624, -0.0005500425, -0.00259338, 0.00959147, -0.008172274
0.00664268, 0.003480837, -0.006990896, 0.008949387, 0.009353031, 0.008650553, -0.0005502094, -0.006718855, -0.009218933, -0.006519607, -0.004401045, -0.00936547, -0.003707369, 0.003212455, 0.004870148, 0.007516678, 0.00348435, -0.001568337, -0.0028959, 0.002418906, -0.002079076, 0.004426052, 0.006764771, -0.008787216, 0.001089921, 0.007538642, -0.006090184, 0.00187121, 0.001795457, 0.006861802
-0.008835797, -0.0003458728, -0.009682955, -0.006592802, 0.006040838, 0.006501373, 0.009631845, 0.003965458, -0.00543171, -0.003005777, 0.007724752, -0.002919352, 0.0009259417, -0.001275524, -0.00413332, -0.00728572, 0.002717053, -0.005889574, -0.006394739, -0.007547552, 0.008284096, -0.008981408, -0.009697461, -0.002827446, 0.003906636, -0.007783624, 0.006716066, -0.008203764, -0.002140509, -0.008185883
0.004740594, 0.007578321, 0.001485523, -0.006080913, -0.007683641, 0.005944813, -0.009682572, -0.007114483, 0.00717167, 0.008368923, 0.007884923, 0.009518678, -0.006136863, -0.009890162, 0.004694054, -0.009159574, -0.006500076, -0.001959937, 0.00534623, -0.001624265, -0.005178006, 0.009799468, -0.001734007, -0.0006569999, 0.008577731, -0.009854235, -0.0006486184, 0.003144378, -0.000499445, 0.003824472
0.009785148, 0.007835426, -0.003894213, -0.007245938, 0.002253594, -0.009853801, 0.00559469, -0.002993244, -0.003591681, -7.841988E-05, -0.007603403, -0.0001687232, -0.003061305, -0.004763575, -0.005432572, 0.008765319, 0.007155288, -0.009807413, 0.002478392, 0.003066093, 0.008716607, -0.001324297, -0.00354998, 0.009483827, 0.006992292, 0.004941332, -0.0006876322, -0.007857347, -0.004658571, -0.007829155
-0.003406397, -0.00282674, 0.003385101, -0.006652674, 0.008583632, -0.009950513, 0.003412953, -0.008890968, -0.002143775, 0.004547876, -0.004754302, 0.006493343, -0.008368018, -0.004575359, -0.004020809, 0.004990581, 0.002860968, -0.006970308, -0.005224559, 0.009812351, -0.007009921, -0.0008412033, -0.009334026, 0.006434468, 0.005107809, 0.001109354, 0.001385577, -0.003377821, -0.004238227, 0.007312277
0.0008339327, 0.003452235, -0.008334603, -0.005762443, -0.006671959, 0.005223529, 0.006446523, -0.006408626, -0.003347338, -0.005481882, -0.004647461, 0.006046472, 0.002336418, 0.007930521, -0.002179515, -0.007776648, -0.002956164, -0.008974605, 0.003504708, -0.00799815, -0.00791974, -0.003717054, 0.007367244, -0.004470903, 0.009180577, 0.007434565, -0.003492722, 0.006950476, -0.001760484, -0.002525968
-0.001335988, -0.003209245, 0.005347342, 0.0005439796, -0.006285974, 0.001793652, 0.004828025, 0.00739452, -0.007903418, 0.0007556287, 0.0085441, -0.0007304041, 0.006376876, -0.009742712, 0.004459865, -0.003056128, 0.006822422, -0.007264454, -0.001385868, 0.002884497, -0.00593429, 0.0003602453, 0.003117466, -0.006240085, 0.005232082, -0.005449214, 0.006084909, 0.006136227, -0.004943087, -0.004106732
-0.001283749, 0.009495935, 0.00535188, 0.009178572, 0.005854221, 0.008561878, -0.009300907, -0.008207495, 0.004216472, 0.006026849, -0.00260466, -0.0003507746, 0.008928705, -0.007250999, -0.006542233, 0.002810818, -9.392072E-05, 0.007109978, 0.001069287, 0.002236777, -0.009387625, -0.006228244, -0.001663651, 0.005354999, -0.006591591, 0.008303713, 0.003673222, 0.001587382, 0.00531184, 0.009163133
0.00570851, 0.008691578, 0.002337427, 0.00620313, -0.007960487, 0.009048016, 0.003917467, 0.007198283, -0.005596837, 0.005897983, -0.003755274, 0.005029681, -0.001481029, 0.002587316, -0.004510963, 0.004416412, 0.001431319, 0.0003682389, -0.00969786, -0.007578727, 0.004644993, 0.00897486, -0.004933048, 0.00282012, -0.004719075, -0.005055305, 0.00115948, 0.009996858, 0.005770187, 0.007550679
-0.005111331, -0.000888297, -0.003519359, 0.005053323, -0.009681816, -0.001296413, 0.007311577, -0.007274533, -0.009290433, -0.005590403, 0.008893162, 0.002707733, 0.002706899, 0.005171364, -0.004007926, -0.00441749, 0.005252767, 0.005749053, -0.0001341599, -0.001008154, -0.003127734, -0.006695263, 0.00128522, 0.002890574, -0.005481742, 0.00673375, 0.003624746, 0.009517479, 0.0009222523, 0.007095038
-0.002111317, 0.003920868, -0.00857185, -0.00314737, 0.001009206, 0.007133062, -0.001450706, 0.00346565, 0.002269044, 0.006785545, 0.007104958, -0.001293897, -0.0003411384, 0.005892543, -0.006471818, -0.008062839, -0.00373187, -0.0001043031, -0.003171951, 0.009698456, -0.0003084347, 0.005410518, 0.0001309663, -0.003221674, 0.0006782969, -0.008416172, 0.007826509, 0.003590104, 0.000535083, -0.006415623
0.005078864, 0.00779412, 0.001803197, -0.006385447, 0.006520996, -0.005027642, 0.001279636, -0.004145686, -0.005837881, -0.001140899, 0.00703335, -0.008212855, -0.006520025, 0.003080289, 0.001886868, 0.00816623, 0.003645879, 0.005392645, -0.0006375367, -0.00741886, 0.0004656874, -0.006270818, 0.002689435, 0.001223798, -0.002596646, 0.002478121, -0.006210191, 0.004649775, 0.006174339, -0.000574671
0.009306497, 0.004959136, -0.007069397, -0.001315324, -0.00829333, 0.009310879, 0.006902865, -0.003955674, 0.009371554, 0.008555728, 0.0006574612, -0.009586222, -0.004266534, 0.007968937, -0.007334861, -0.002095425, 0.001930586, 0.007050774, 0.004891458, 0.002512007, -0.002061994, -0.007566102, -0.005772362, -0.002046058, 0.00311882, 0.001349595, -0.004895307, -0.009420585, 0.006211192, -0.005957161
-0.008817405, 0.006629941, -0.0003198881, 0.004736857, -0.0004474022, -0.007925657, 0.008856655, 0.004795346, 0.001373518, 0.002576028, -0.00873658, -0.002398361, 0.006021055, 0.0008066654, 0.001923793, 5.202278E-05, 0.007995776, 0.004720611, -0.001441299, 0.009498838, -0.009452465, -0.003260861, 0.009758326, -0.006337686, -0.008512741, 0.006872468, 0.000731528, 0.004976635, 0.005565844, 0.0003568927
0.004206079, 0.006323342, -0.0001669901, 0.005328628, 0.007373229, 0.004027501, 0.0007336437, 0.0009966366, -0.00158363, -0.009409155, -0.0009520776, 0.007135114, -0.004322875, -0.007684559, 0.001248477, -0.009663541, -0.003587291, 0.003420821, 0.006030261, -0.006933145, 0.003354052, 0.0003841637, 0.002020745, 0.006712378, -0.0065047, 0.004443558, 0.006871499, -0.003982372, 0.003249538, 0.002680128
0.001342691, -0.006120121, 0.009229417, -0.00898345, 0.008369925, -0.005060099, 0.007768297, -0.009307599, 0.003433585, 0.007896095, 0.0093182, -0.003001047, -0.003695786, -0.002032099, 0.0004507621, -0.006587702, -0.008938079, 0.007442787, 0.002413742, -0.008849246, 0.0004599379, 0.007310487, 0.008946352, 0.002498992, 0.007002981, -0.006177868, -0.005697401, 0.003120766, 0.001833332, -0.007070111
0.0007266689, -0.001859209, 0.006039149, -0.001917524, -0.008143592, -0.0009698204, 0.0005073845, -0.003602771, -0.005161006, -0.004513623, -0.009180564, -0.00718784, -0.009560806, 0.007325581, 0.004005559, -0.002588308, -0.009384276, 0.0008738941, 0.008432083, -0.006201355, 0.007715501, 0.001718576, -0.005667353, -0.003064551, -0.003485204, 0.009631637, -0.00864123, 0.008486306, 0.002176442, -0.003439847
0.001970168, -0.006304447, 0.006224819
-0.007555416, -0.00500385, -0.00364583
0.003910585, -0.006917091, -0.005779455
-0.005310168, -0.00376495, -0.005746355
0.00460573, 0.002727282, 0.00424059
0.0006733238, -0.007402708, -0.003498752
-0.0006171567, -0.00729816, 0.007407965
0.002607893, -0.001189962, -0.003291157
0.0006541907, 0.004401453, 0.009316714
0.008199842, 0.001943834, -0.007914525
0.007564079, 0.0003702017, 0.00782549
-0.007026225, -0.005810483, 0.001057119
-0.009525234, 0.0001965846, 0.00181604
-0.007160391, 0.00145514, 0.008358269
0.003770115, -0.006355487, 0.0001577792
-0.005333576, -0.004886263, -0.007090598
-0.001771849, -0.006287801, -0.00290259
-0.002523518, -0.007412917, -0.007361761
-0.003711608, -0.0007509005, -0.002583013
-0.0025731, 0.001793514, 0.0005967121
-0.002961514, 0.005704948, 0.00114528
-0.007864787, -0.002875191, 0.00586974
-0.003572674, 0.001636193, -0.001462653
-0.006817016, 0.0002004181, 0.002405907
0.004684785, -0.003453474, 0.001241642
0.009051034, 0.008831978, -0.004839745
0.006549791, -0.004006386, -0.0007136298
0.00640858, -3.452139E-05, -0.001765784
0.004988491, 8.800065E-05, -0.002223104
0.005186802, 0.006689744, 0.004930391
-0.004514866, -0.008808007, 0.004122031
