3x20x30x3
0.009499239, 0.02210382, 0.03782741, -0.03133658, -0.005804261, -0.04299354, 0.02681653, -0.01805487, -0.01978699, -0.0486435, 0.005522471, -0.01864044, -0.0362465, -0.05274825, -0.008853179, -0.005676926, 0.02349772, -0.03689914, -0.06483382, -0.005249224
0.008884216, 0.01679994, 0.03822524, -0.03293679, 0.008142244, -0.05680256, 0.0351444, -0.01260949, -0.01044776, -0.04147504, 0.007115784, -0.01340203, -0.02534238, -0.04680304, -0.009833562, -0.01428732, 0.02441345, -0.03700031, -0.06296688, 0.001161313
-0.002191555, -0.002540343, -0.002296939, 0.001071433, -0.006446281, 0.0040739, -0.004337605, 0.002115788, 0.0007112321, 0.002830965, -0.02054206, 0.001609562, 0.0015763, 0.007271981, -0.007900286, -0.003651151, -0.002077916, 0.005071413, 0.006517164, 0.005957618
-0.008112325, 0.002447143, -0.002745208, -9.482331E-05, -0.009079325, 0.0007522095, 0.001880185, -0.004142173, -0.004548032, 0.009067966, -0.009948124, -0.005808963, -0.004886203, -0.004852643, -0.0018646, -0.006582602, 0.000142152, -0.00963429, 0.003150627, -0.009112491
0.07726859, -0.07608107, -0.07637117, 0.0740905, -0.07380264, -0.02112409, 0.03673457, -0.08768611, 0.0649554, 0.05842189, -0.002180565, -0.02286227, -0.01153552, 0.03052751, 0.07194719, -0.0112452, 0.05728782, -0.05413373, 0.05459334, -0.08651584, -0.0145703, 0.0266649, -0.03818837, 0.08540974, 0.02333656, 0.0230919, -0.04489745, 0.03578376, 0.02220333, -0.09615465
0.007005747, -0.06750457, 0.04316084, 0.07954372, 0.03272591, -0.07400982, 0.01156925, -0.01281806, 0.09651159, 0.08769976, -0.06016048, 0.04193527, 0.01725086, 0.06279451, 0.0623522, 0.05863252, -0.07007609, -0.02510195, -0.007976773, 0.002895734, -0.06840756, 0.0444377, -0.08418956, 0.09405063, 0.02232245, -0.08055289, 0.09707169, -0.05715278, 0.009639136, -0.07208289
0.004339478, -0.02553423, -0.08652377, -0.1008355, -0.01626079, -0.056206, 0.09045213, 0.04553138, -0.02770379, -0.06502407, -0.03342932, -0.001266262, 0.09646678, 0.03720662, 0.03580695, 0.08641678, 0.05482648, -0.00473009, 0.04878995, 0.0785253, 0.09199832, -0.05463806, 0.07966315, -0.003297666, 0.0793294, 0.05640002, -0.07855768, 0.04204593, -0.04628912, 0.02022179
-0.06959609, -0.02743986, 0.0782643, 0.0726819, -0.009398934, 0.06226103, 0.02684572, 0.008288588, -0.03245582, 0.01246602, 0.06130985, -0.01606373, -0.09791121, -0.04269473, -0.06356291, 0.02880013, 0.05618233, -0.02144806, -0.04250375, 0.04245994, -0.03418382, 0.006304084, 0.0004594024, 0.03261856, -0.06563333, -0.0471605, 0.0005613626, 0.02733578, -0.06772872, 0.02888601
-0.07105546, -0.05545137, -0.01638377, 0.05092731, -0.09995832, -0.09867759, 0.02331106, -0.07833978, -0.04879547, 0.07804421, -0.04138454, -0.0547527, -0.07804427, -0.06669835, -0.07849239, 0.00642268, -0.05653306, 0.0223519, -0.03733559, -0.05408544, -0.09849827, 0.03944999, -0.007778659, 0.02080668, -0.05117438, 0.02962406, 0.06674161, -0.05831503, 0.03241729, -0.06534236
-0.04686781, -0.08778036, -0.01103219, 0.04755946, -0.00582248, 0.02183126, 0.1077594, -0.04539285, -0.04991072, -0.06772133, -0.08926939, 0.03532309, -0.07983894, -0.02077655, -0.01787381, -0.08465669, -0.02087283, -0.03654581, 0.007584327, 0.03314405, -0.09396326, 0.0854867, -0.03999073, 0.08330287, 0.02879489, -0.007773222, 0.05099895, 0.07579154, 0.01263978, -0.03516331
-0.06321626, -0.0252867, -0.01680738, -0.08895921, 0.01463901, -0.0472664, 0.05864045, -0.01658018, 0.05371268, 0.008421833, 0.004677984, 0.08845032, -0.02932711, -0.07165784, -0.06278647, -0.03001597, 0.0114339, -0.08659668, -0.05905421, -0.07589686, -0.05004346, -0.003146018, 0.03223599, -0.09711561, -0.07279868, -0.02397141, 0.04395159, -0.007961589, -0.09773054, 0.09962968
0.06017671, -0.05921227, 0.05589456, 0.09010611, -0.09564649, 0.02975461, -0.04875743, -0.08726525, 0.05661494, -0.07691865, -0.04058962, 0.09776531, 0.01299453, -0.09763669, -0.07695783, -0.08294393, 0.01336636, -0.06997195, 0.04244917, -0.03357764, 0.07795377, 0.0439789, 0.02484179, -0.02318001, -0.07842363, 0.034929, 0.04780626, -0.01048023, 0.09476228, -0.060068
0.01271926, -0.03234562, -0.02293819, 0.05651246, 0.04853262, -0.02709034, -0.06156536, -0.02148244, -0.07515173, 0.01040696, -0.08073539, -0.003063397, -0.05189234, -0.08523515, 0.06894495, -0.05170965, 0.08306999, 0.0291992, 0.08075189, -0.09238371, 0.06299607, 0.01399646, 0.05667518, 0.04456146, -0.08371464, -0.07826375, 0.01120841, -0.01941864, 0.06740443, -0.03555643
0.07451028, 0.07380394, -0.06940123, 0.02571359, 0.01932552, 0.1011533, 0.03166169, 0.06285405, -0.04982655, 0.05000877, 0.08718219, -0.06507518, -0.105716, -0.0687324, -0.05257352, -0.02493655, -0.012248, 0.006313093, 0.005096177, 0.07560226, 0.04797816, -0.07566505, 0.003880428, 0.08592051, -0.02265721, -0.09442764, 0.006165028, 0.04254302, 0.04642174, 0.01829703
0.05825156, 0.05789112, 0.01341768, 0.05973736, 0.03156213, -0.04559855, -0.02763318, 0.03537473, 0.006742654, 0.07501552, 0.02636911, -0.07973476, -0.02745351, -0.0716566, -0.07858013, 0.02860387, 0.008319384, 0.02376196, -0.001488894, 0.0354794, 0.03069831, -0.09792746, 0.06844388, 0.09257815, 0.01734059, 0.05991289, -0.04002563, -0.06349904, -0.06325518, 0.008801887
-0.01481682, 0.09604704, -0.07059468, 0.03519983, 0.09659458, -0.07311435, 0.02276018, -0.05705021, -0.002475558, 0.09112996, -0.09185243, 0.05492843, -0.09880563, 0.03250626, -0.0551715, 0.02807045, 0.04509868, -0.02744422, 0.06194213, 0.05202764, -0.006400217, 0.08565976, -0.0666182, -0.09811025, 0.09319238, 0.05619913, 0.09002097, 0.02604621, -0.05358567, 0.07123905
0.09158303, -0.05816779, 0.001109105, 0.1027015, -0.006100082, 0.03806411, 0.09757524, 0.039186, -0.06914759, 0.09545509, -0.09053244, -0.03534345, -0.08105282, 0.005038824, 0.02843911, 0.07193816, 0.09831356, -0.06578781, 0.04617209, 0.08953943, -0.08666512, 0.09128253, -0.02308452, -0.01158247, -0.08763495, 0.004234198, 0.05923018, -0.06665932, 0.0451892, -0.06537515
-0.06928385, 0.107964, 0.1067504, 0.03459566, 0.1070902, 0.07871705, -0.03361456, -0.09473577, -0.06235145, 0.008551676, 0.03996107, -0.09467977, -0.0709008, 0.06438085, 0.04399349, -0.07707863, 0.05776153, 0.02475016, -0.0288206, -0.07830092, 0.05422588, 0.06075884, 0.076223, -0.04148572, 0.0568608, -0.09065323, 0.05769273, -0.07917761, 0.0936158, 0.07962726
0.07273746, 0.06917874, -0.09766044, 0.09882832, 0.06459752, -0.08846606, -0.03247157, -0.002050419, 0.006116798, 0.05543624, 0.01776303, 0.09333274, 0.0887401, -0.06359268, -0.05003159, -0.09299759, 0.0489471, 0.009819089, 0.04380818, 0.08526833, 0.04237474, -0.06577638, 0.05285034, 0.0220131, -0.01803164, -0.01947817, -0.07767324, 0.04539463, 0.07026832, 0.09013872
-0.08815526, -0.04896815, -0.07706621, -0.040011, 0.03829851, 0.07138871, -0.09357827, -0.05860065, -0.09754506, 0.03301237, 0.06367254, -0.03851796, -0.08132268, 0.01707309, 0.0005166147, 0.06188274, 0.06336302, 0.03766982, -0.09327406, 0.05056757, -0.04352546, -0.05019455, -0.035, 0.1004025, -0.05746807, 0.04139193, -0.08625916, -0.01929342, 0.01563961, -0.01808192
0.08888622, 0.01800571, 0.02619337, 0.01194161, 0.03862527, -0.03590932, 0.06758754, 0.03233776, 0.00352255, -0.01957079, -0.09809576, 0.008327366, 0.01204993, -0.08819668, -0.07969845, -0.01518617, -0.08608265, -0.06331974, -0.07802933, 0.01747642, 0.01726075, -0.01833147, 0.0350603, -0.08301374, 0.03551254, 0.06209512, 0.08569926, -0.0842254, -0.08870252, 0.09891976
0.05329725, 0.03528237, 0.03354383, 0.02794458, 0.05453341, -0.05370229, 0.03838542, 0.002565613, 0.06751964, -0.06922624, 0.09373908, -0.06901172, -0.0698735, 0.02666807, 0.04747816, 0.04318843, 0.04005735, -0.04824527, 0.07709923, 0.06467431, 0.02659159, 0.08419668, -0.04087286, 0.09617014, 0.06501044, 0.004738468, 0.08631252, 0.022425, 0.09005996, 0.07424862
-0.0215941, 0.06307382, 0.02596816, 0.01536059, 0.03504186, -0.01389871, 0.09169472, 0.08532059, -0.04534345, 0.07745918, 0.05383679, 0.008939215, -0.05113035, 0.08683692, 0.02968912, -0.0238402, -0.05569301, -0.09530406, -0.03181492, 0.09093352, -0.08015904, 0.03864105, -0.05564783, -0.04300865, -0.03461182, 0.08178411, -0.03359312, 0.04783799, 0.06705441, -0.06381027
-0.04702019, -0.08078293, 0.02183855, 0.09407851, 0.0495024, -0.05862163, 0.01561153, 0.03373908, -0.09534673, -0.03023991, 0.06773636, 0.05485874, 0.08998685, 0.09911586, -0.08865757, -0.0812857, 0.01770978, -0.03007319, -0.03383568, -0.01837217, -0.04449188, 0.07936753, -0.05934654, 0.09549682, 0.05761025, 0.05237079, 0.007392133, -0.03897049, -0.06362986, 0.04534933
-0.09820679, -0.005108029, -0.05921638, 0.02147154, -0.07164113, -0.02749683, -0.05390133, 0.09089559, 0.02246307, -0.05407795, 0.05957716, 0.05244236, -0.0837886, 0.04306561, -0.05348054, -0.04989275, -0.05031985, -0.07393402, -0.08261917, 0.09470784, 0.0437169, -0.09412921, 0.08429147, 0.08163545, 0.07556666, -0.03148955, 0.01364388, -0.07265681, -0.02319341, -0.09544067
-0.08375952, -0.02961895, 0.008442827
0.09738507, -0.06836172, -0.00524791
0.0517888, -0.07277307, -0.0474918
0.07454523, -0.1010052, -0.03605374
0.1095746, -0.04159661, 0.06375282
0.08219832, -0.05111163, 0.01139889
0.03618016, -0.09200779, 0.03625342
0.05918495, 0.08557601, 0.0711017
-0.03565857, 0.1099887, -0.04925876
-0.009375724, 0.01940838, -0.01307651
-0.01659311, -0.08158731, 0.0605546
0.005042668, 0.02961716, -0.07717514
-0.1093397, 0.1083616, -0.08775823
-0.0929716, -0.09077477, -0.09320226
-0.006619338, -0.02534867, 0.06967048
-0.05730361, 0.06097864, -0.02978363
-0.009042287, 0.003766778, 0.02469387
-0.04871432, -0.002207306, -0.03002176
0.03832845, 0.07571027, 0.01833654
0.06280931, -0.01805136, -0.05442214
-0.06203703, -0.03517997, 0.009253581
0.08453578, -0.03536238, 0.08933229
-0.005067745, -0.01565391, 0.04221047
0.05648395, 0.02145278, -0.01224438
-0.00666355, 0.02775749, 0.09533533
0.01855221, -0.0201346, 0.0157728
-0.08677278, -0.08671109, -0.04937875
0.08683596, -0.09826823, -0.08835825
0.09474356, -0.1172589, 0.04671606
-0.01273566, 0.09539585, 0.04408864
-0.01162041, -0.02125174, 0.01681898
