3x20x30x3
-9.759783E-06, -0.0002030107, 0.0001144806, 0.0002605392, -0.0009404091, -0.0009712409, -0.0006960262, -0.000183525, 0.0009390535, -0.0008028171, 0.0005461925, 0.0004332258, 0.0005114457, -0.0006357689, 8.544236E-05, 0.0003892606, -0.0003333704, 8.043852E-05, 0.0007047298, -0.0003392354
-0.000571036, -0.0003995292, -0.0005572336, -6.223238E-05, 0.0009483815, -0.0008161574, -0.0005535069, -0.0001426423, -0.0007376706, -0.0006718609, 0.000275349, 0.0005100935, -0.0006462784, 0.0009044108, 0.0006926081, -0.0001237305, -2.939907E-05, 0.0004189526, 0.0003832485, -0.000113566
0.0001502376, -0.0003655634, 0.000915657, 0.0002939063, -0.0008533615, 0.0008326233, -1.660094E-05, 0.0001817594, -0.0006549715, 3.124771E-05, 0.0005119416, 0.0008825978, 0.0005343797, 0.0002705538, -0.0007858264, -5.414914E-05, 0.0006712372, -0.000504435, 0.0004296556, 0.0003275831
-0.0005961691, -0.0001053021, 0.000514442, 1.013406E-06, 0.0005360443, 0.0006500534, 0.0004253175, 0.0002165944, -0.000804803, -0.0003569839, -0.0008860342, 0.0003780365, -0.0007719487, -0.000373692, -0.0002342202, -0.0008039514, 0.000122306, 0.0007850823, -0.0009435285, -7.341111E-05
0.009862323, -0.004069045, 0.007438333, 0.004293093, -0.004404311, 0.0003291559, 0.002037578, 0.001894433, 0.003631256, 0.0009895756, -0.0003334983, 0.008970516, -0.001649895, 0.003956268, 0.004180056, 0.006065129, 0.0002077239, -0.009575095, -0.005252266, 0.007717451, 0.003172924, 0.001363815, -0.009567694, -0.006059756, -0.003432742, 0.009155717, -0.007596875, 0.005101355, 0.009880699, -0.00529511
-0.006857919, 0.005639203, -0.001444528, -0.007210499, -0.002978332, -0.00357105, 0.002036296, 0.007645319, 0.00893668, 0.007427059, -0.007318101, -0.009700094, -0.002049796, 0.009749947, -0.006027272, -0.00667229, -0.002985938, 0.002690779, -0.005357359, -0.008986136, -0.006914938, 0.009796239, 0.002086631, -0.009697064, -0.006349528, 0.005936912, -0.008502918, 0.00523768, 0.009290905, 0.008940459
0.004586676, -0.006108272, -0.001373542, -0.002695577, -0.001902457, 0.007533718, 0.007783319, -0.001425688, 0.009258073, 0.004003357, 0.005299943, -0.003705075, 0.005223347, -0.0008597953, 0.001195223, 0.00885581, 0.002178015, -0.007346823, 0.0009973131, 0.001773647, 0.004470383, -0.002810074, 0.006213367, -0.006308974, -0.002672036, -0.00665416, -0.006447428, -0.001747463, 0.009139028, 0.001084754
-0.005068132, 0.006798616, 0.008354413, 0.009996221, -0.007159617, 0.008790173, 0.001673445, -0.00935422, 0.001652404, -0.003560991, -0.004455611, 0.008439749, 0.003432711, 0.0006392859, -0.00428608, 0.006790138, -0.005427105, -0.007053568, -0.0008922857, -0.005205339, -0.006241099, 0.008843906, -0.005759635, -0.00248274, -0.005529923, -0.002603245, -0.00232164, -0.005064566, 0.009976461, -0.005248295
0.003981148, -0.0004692181, -0.0005647115, -0.001826683, -0.000928509, 0.00850133, -0.002059488, 0.005227125, -0.00370019, 0.002405049, -0.002817634, 0.001532233, 0.001000772, -0.005441698, -0.003770743, 0.006030634, 0.003757206, -0.004425918, 0.007977108, 0.0005378245, 0.008772945, -0.009393863, 0.009144822, 0.004344369, -0.002674146, -0.003912036, 0.00255825, 0.0008371544, 0.005526145, 0.005443628
0.001111809, -0.003261986, -0.00933068, -0.003099305, 0.002457857, 0.006013605, -0.0009955368, -0.004740605, -0.008432203, -0.002787409, -0.001150374, -0.0006542297, 0.006646618, 0.00670267, 0.007612294, 0.002226667, -0.002156866, 0.009682059, -0.008711998, -0.001560556, 0.003639547, -0.007895719, -0.003041672, -0.0005613659, -0.004021241, 0.003375009, 0.0003859618, 0.005090917, -0.009152539, -0.007016473
-0.004056922, 0.007103357, 0.009700979, 0.0008561874, -0.008706764, -0.009555645, 0.0008629143, -0.005899922, 0.002100446, 0.000215651, -0.00297383, -0.001502186, -0.005993713, 0.000764515, -0.008311801, -0.0005728231, -0.006040478, -0.007557844, 0.006732073, 0.005099187, 0.008244832, 0.002876191, -0.0004508489, -0.002913298, -0.008195918, -0.0009924646, 0.009779683, 0.001230683, -0.009078062, 0.00908285
-0.004372356, 0.003913547, -0.005588064, 0.008584268, -0.008730486, 0.001746268, -0.00035521, -0.004209571, 0.005409431, 0.00716794, -0.008636247, -0.006256947, -0.002418387, 0.001072353, -0.008586727, -0.004858267, 0.00809799, 0.006193812, -0.002249564, 0.006551582, -0.000584512, -0.002056194, 0.008358843, -0.004251727, -0.005261306, 0.003066886, -0.002445793, 0.002614277, -0.0009478942, 0.0022857
-0.009335331, 0.00963223, -0.006821861, 0.003017597, -0.005411992, 0.003112624, -0.005914121, -0.004577981, -0.000505001, -5.806817E-05, 0.009782387, 0.008169092, -0.002967278, 0.009564131, 0.003735435, 0.00450178, -0.004705422, 0.008476799, -0.004326571, 0.006662348, 0.0009095433, -0.006414133, -0.006519753, -0.005629643, -0.0003326411, 0.007683839, 0.005554704, 0.008663662, 0.003845575, -0.001797373
-0.005807938, 0.007030512, 0.006738324, -0.006876269, 0.00650327, -0.008268478, -0.009435087, 0.004564016, -0.003515655, -0.001699349, -0.008944145, 0.002675972, -0.003301188, 0.007808505, 0.006769195, 0.001246395, -0.009088919, 0.00879471, 0.002012838, 0.0002369148, -0.002227692, -0.0009225926, -0.003059151, 0.002389757, -0.008623845, 0.0070788, 0.006151985, 0.008807784, -0.006649766, -0.003095832
0.007557919, -0.004577782, 0.001576444, -0.008707627, -0.004250131, -0.007248126, -0.008569231, -0.006091007, -0.006939135, 0.002003913, 0.003936866, 0.0007305626, 0.001992455, 0.007372781, 0.005606493, 0.008233572, 0.006887061, -0.004328259, -0.00239884, 0.008420967, 0.006772757, 0.006759995, -0.003349175, -0.00639134, -0.00956968, 0.005114654, 8.96639E-05, -0.005651433, -0.008252423, 0.00942447
-0.004420464, -0.008242869, 0.001213781, 0.009580175, 0.0007427295, 0.005633637, -0.008900471, -0.004593563, 0.002058642, 0.004017321, -0.0001843731, 0.007002088, 0.005733848, -0.009991073, 0.006300048, 0.007041744, 0.007084955, -0.0004319311, 0.006783261, -0.006857418, -0.009808258, 0.0004802488, 0.001206623, -0.005070734, 0.0001314159, -0.009202074, 0.008771392, -0.002032216, -0.009137945, 0.0006352162
0.00266221, 0.007082203, -0.007838581, -0.006363607, -0.003575624, 0.002179735, 0.00951678, 0.002412277, -0.00336995, 0.009972855, 0.007134044, 0.001480622, 0.003613106, 0.003583842, -0.001394659, 0.009770668, -0.008973853, -0.0033581, -0.002691389, -0.006611424, 0.008029703, -0.009478406, -0.002434695, 0.008604992, 0.00923273, 0.005099291, 0.0005505068, -0.003715484, -0.0005512323, -5.519217E-05
0.006862247, 0.003131746, -0.005455616, -0.008576579, -0.00864489, 0.002733424, 0.004840671, 0.002097455, 0.003584548, -0.005879688, 0.007524964, -0.005327324, -0.007061976, 0.006810408, -0.003991462, -0.001288881, 0.00686714, 0.007622783, 0.006323926, 0.000360743, 0.009771779, 0.002129494, -0.009340828, 0.007473479, 0.002605514, 0.002140616, -0.0004831018, -0.006443577, -0.005596336, 0.001325087
-0.008370771, 0.003232263, -0.007036489, 0.006685241, -0.006889389, -0.0059977, -0.003063761, 0.002189686, 0.002228725, 0.005871917, -0.005070001, -0.001071309, 0.00305735, -0.006811704, -0.004136389, 0.003357026, 0.007583568, 0.0007548977, 0.002596457, 0.0005216095, 0.00823215, 0.002927718, -3.94131E-05, 0.009088024, 0.0001730232, -0.005267245, 0.002472573, -0.002929096, -0.001182096, -0.0007855071
-0.006783474, 0.001284248, -0.002306208, -0.007740539, -0.007508917, -0.005707301, -0.008290836, -0.003747217, 0.003699799, -0.007993761, -0.008225119, -0.005322545, -0.004605946, -0.009547991, -0.004569255, 0.0008430877, 0.00907214, 0.007470873, 0.001609869, 0.009248489, 0.004557046, 0.008762001, 0.0009599669, 0.003882053, 0.003092935, -0.001298494, -0.006728324, -0.006124511, -0.003487787, 0.008377853
0.001529723, 0.009865335, -0.006628221, -0.006985766, 0.002655388, 0.003645748, -0.0087651, 0.0007978905, -0.009302782, -0.008429089, 0.001647861, 0.001330787, 0.007055098, 0.0005902195, -0.00125327, 0.003554696, -0.002466328, -0.0004914206, 0.003657277, 0.009329939, -0.004339385, 0.005001704, 0.005461035, -0.0004305845, 0.004657447, -0.005545476, -0.009675719, 0.003811739, -0.000833472, 0.003789576
-0.008978977, 0.007833674, 0.009740569, 0.005321946, 0.0004765155, -0.008090452, -0.008694323, -0.007620181, -0.002203384, 0.001784995, -0.0003918118, -0.001725752, 0.006773657, 3.895487E-05, -0.002399372, -0.006773741, -0.008293097, -0.00963025, -0.004864676, 0.009538238, -0.008832164, 0.003763093, 0.0002182098, -0.002817726, 0.002717238, 0.006528025, -0.005595701, 0.00380236, -0.001643212, -0.001799134
0.003321469, -0.002576837, -0.008368631, -0.003092361, -0.009450113, 0.003814186, 0.001590217, -0.008266848, -0.009886296, -0.003162817, 0.002249019, -0.004846148, -0.008288037, -0.008127716, -0.0002782469, 0.007386366, 0.008228044, -0.004577923, -0.00803121, 0.001431189, -0.007252378, 0.009954532, -0.001323584, -0.0003717141, 0.00262174, -0.002742074, -0.002384536, 0.002558297, -0.007395292, 0.00394849
0.007505248, -0.002496683, 0.00402303, 0.009595752, 0.008463525, -0.007814974, -0.00335712, -0.0001339833, -0.000510928, 0.003786441, 0.001636042, 0.009973751, -0.009743952, 0.008298141, -0.002710782, 0.006013984, 0.002051135, -0.001654072, 0.00746052, 0.005330871, 0.00829998, 0.008982223, 0.00183357, 0.006925598, -0.004546755, 0.003366938, 0.008746745, 0.00200308, 0.004285899, 0.003291961
0.008850985, 0.003054968, 0.007098114, -0.007264396, -0.006913261, -0.007756111, 0.009361573, -0.002570428, -0.004332229, 0.007145633, 0.0083779, -0.004924973, -0.002974601, 0.008654012, -0.007193637, -0.006099794, 0.004392317, 0.004467282, 0.003331269, 0.001239616, -0.00366121, -0.003720197, -0.002663682, 0.004159958, 0.003877301, -0.009871837, 0.004970046, -0.008515629, -0.009143803, 0.0004131126
-0.008905659, 0.007978956, -8.780256E-06
0.001848001, 0.007483124, 0.004191368
-0.007417728, 0.009803382, 0.0032774
0.001088787, -0.006441878, 0.0001821215
-0.006372024, -0.006208184, 0.005155086
-0.00764081, -0.003815468, -0.003155633
-0.00263549, -0.001426362, 0.002960339
-0.004565106, -0.003584287, 0.009232496
0.009291261, 0.009718186, -0.00742638
-0.001663671, -0.0005581839, 0.005902349
0.001404755, -0.002854455, 0.006528228
0.003415959, -0.0003073091, 0.0003109628
0.005640537, 0.004188742, -0.0006246445
0.009682029, 0.009526064, -0.003804891
0.006314701, -0.005271758, -0.0003668182
-0.002119571, -0.002411906, 0.005569095
0.005749293, 0.005955181, 0.007994666
-0.003308763, 0.003729786, -0.007077182
-0.004981249, -0.002435658, -0.006424478
0.0004263931, 0.002556539, 0.007764949
0.001617669, 0.004245961, 0.0003615459
0.007374972, 0.009684358, 0.006412446
0.003653836, 0.0002120935, 0.004099113
-0.005155795, -0.003281299, 0.001995731
0.007469097, -0.002317558, -0.0009524048
-0.003234981, -0.0008797866, -0.008312489
-0.0004005877, 0.001410829, 0.002130139
-0.002995657, 0.002587063, 0.00348667
0.007907477, -0.005286499, 0.00341579
0.003605411, -0.001602616, -0.007871722
0.001517376, 0.002990474, -0.0003408408
