3x20x30x3
1.219825E-05, -0.0001744091, 0.0001011942, 0.0002645265, -0.0009560052, -0.0009746592, -0.0006324959, -0.0001611816, 0.0009172622, -0.0007627328, 0.0005952665, 0.0003990135, 0.0004832183, -0.0005839281, 7.057948E-05, 0.000414128, -0.0003367351, 8.853865E-05, 0.000695624, -0.0003155222
-0.000564361, -0.000405758, -0.0005708679, -6.866853E-05, 0.0009551733, -0.0008100396, -0.0005261381, -0.0001416234, -0.0007597098, -0.0006436964, 0.0002877984, 0.0004956064, -0.0006532806, 0.0009287237, 0.0006761892, -0.0001253171, -3.45186E-05, 0.0004126687, 0.0003803291, -0.0001019505
0.0001225192, -0.000437381, 0.0009091971, 0.0002705508, -0.0008062851, 0.0008542204, -7.834564E-05, 0.0001396553, -0.0006647029, 1.855162E-05, 0.0004436649, 0.0009163929, 0.000573599, 0.000225276, -0.000796086, -0.0001076769, 0.0006655841, -0.0005356606, 0.000440892, 0.0003084249
-0.0005966953, -0.0001067631, 0.0005142514, 5.204374E-07, 0.0005369954, 0.0006505137, 0.0004241931, 0.0002157596, -0.0008050934, -0.0003571324, -0.000887353, 0.0003786532, -0.000771195, -0.0003744829, -0.0002344966, -0.0008050138, 0.0001221688, 0.0007844351, -0.0009433088, -7.3747E-05
0.009861466, -0.004069052, 0.007437625, 0.004293416, -0.004404312, 0.0003290859, 0.002037578, 0.00189449, 0.00363111, 0.0009895756, -0.000333261, 0.008970516, -0.001649962, 0.003956178, 0.004180672, 0.006065129, 0.0002075885, -0.009575095, -0.005252266, 0.007717451, 0.003172913, 0.001363504, -0.009567694, -0.006059756, -0.003432382, 0.009155717, -0.007596875, 0.005101355, 0.009880712, -0.00529511
-0.006858563, 0.0056394, -0.001445007, -0.007210494, -0.002978887, -0.003571615, 0.00203618, 0.007645059, 0.008937357, 0.007427059, -0.007317919, -0.009700094, -0.002049404, 0.009750604, -0.00602688, -0.006672414, -0.002985414, 0.002690577, -0.005357564, -0.008986136, -0.006914781, 0.00979689, 0.002086828, -0.009697159, -0.006349051, 0.005936903, -0.008502918, 0.005237429, 0.009291463, 0.008940459
0.00458546, -0.006109627, -0.001375159, -0.002694435, -0.001901187, 0.007534474, 0.007783568, -0.001424943, 0.009256278, 0.004003395, 0.005300278, -0.003705033, 0.00522253, -0.0008617308, 0.00119603, 0.008856114, 0.002176826, -0.007347394, 0.0009978621, 0.001773151, 0.00446964, -0.00281201, 0.006213358, -0.006308316, -0.002671791, -0.006653994, -0.006447545, -0.001747851, 0.009139704, 0.001084954
-0.005067904, 0.006798531, 0.008354791, 0.009996221, -0.007159404, 0.008790184, 0.001673502, -0.00935422, 0.001652015, -0.003560991, -0.004455611, 0.008439749, 0.003432543, 0.0006388816, -0.004286281, 0.006790138, -0.005427304, -0.007053402, -0.0008921053, -0.005205339, -0.006241148, 0.00884365, -0.005759635, -0.002482614, -0.005530144, -0.002603225, -0.00232164, -0.005064465, 0.009976151, -0.005248358
0.003981116, -0.0004687833, -0.000564553, -0.001826945, -0.0009290616, 0.008501017, -0.002059617, 0.005226806, -0.003699367, 0.002405011, -0.002817703, 0.001532361, 0.001001202, -0.005440835, -0.003770725, 0.006030456, 0.003757756, -0.004425888, 0.007976977, 0.0005379692, 0.008773153, -0.009393097, 0.009144824, 0.004344064, -0.002673927, -0.0039121, 0.002558275, 0.0008371522, 0.005526274, 0.00544371
0.001108135, -0.003264669, -0.009334959, -0.00309687, 0.002459557, 0.006014253, -0.0009952463, -0.004739631, -0.008434692, -0.002787285, -0.001149195, -0.0006538387, 0.006645483, 0.006700089, 0.007614614, 0.002227272, -0.002158523, 0.009680445, -0.008711387, -0.001561478, 0.003638165, -0.007898112, -0.003041489, -0.0005605669, -0.004019755, 0.00337503, 0.000385409, 0.005089849, -0.009150385, -0.007015651
-0.004058799, 0.007102601, 0.009699247, 0.0008572568, -0.008706764, -0.009555645, 0.000862873, -0.005899889, 0.002099882, 0.0002155776, -0.002973367, -0.001501823, -0.005993785, 0.0007640147, -0.008310675, -0.0005726744, -0.00604064, -0.007558531, 0.006732073, 0.005099155, 0.008244832, 0.002875565, -0.0004505195, -0.002913229, -0.008195005, -0.0009926553, 0.009779683, 0.001230026, -0.009076871, 0.009083089
-0.004372982, 0.003913275, -0.005588816, 0.008584268, -0.008730454, 0.001746473, -0.0003551374, -0.004209479, 0.005409001, 0.00716794, -0.008636247, -0.006256947, -0.002418571, 0.001071851, -0.008586727, -0.004858267, 0.008097984, 0.006193812, -0.002249443, 0.006551582, -0.0005847834, -0.002056661, 0.008358843, -0.004251651, -0.00526125, 0.003066893, -0.002445793, 0.002614216, -0.0009474239, 0.002285732
-0.009334021, 0.009633775, -0.006820077, 0.003016227, -0.00541357, 0.003111403, -0.005914456, -0.004578904, -0.0005024041, -5.826835E-05, 0.009782083, 0.008169092, -0.00296608, 0.009566456, 0.003734564, 0.004501238, -0.004703922, 0.008477298, -0.00432729, 0.006662839, 0.0009105736, -0.006411694, -0.006519635, -0.00563053, -0.0003328208, 0.007683557, 0.005554887, 0.008663848, 0.003844818, -0.001797558
-0.005810267, 0.007029477, 0.006735844, -0.006875111, 0.006503564, -0.008268478, -0.009435087, 0.00456415, -0.003516495, -0.001699438, -0.008943905, 0.002676388, -0.003301428, 0.007807977, 0.006770705, 0.0012466, -0.009089061, 0.008793862, 0.0020127, 0.0002364828, -0.002228222, -0.0009235977, -0.003058775, 0.002389848, -0.008622659, 0.007078736, 0.006151985, 0.008807267, -0.006648066, -0.003095262
0.007559184, -0.0045777, 0.001577558, -0.008708021, -0.004249762, -0.007247667, -0.008569231, -0.006090808, -0.006939743, 0.002003924, 0.003936583, 0.0007302223, 0.001992159, 0.007372172, 0.005605738, 0.008233572, 0.00688671, -0.004327771, -0.002398517, 0.008420967, 0.006772762, 0.006759664, -0.003349445, -0.006391146, -0.009570299, 0.00511473, 8.975645E-05, -0.005651108, -0.008253298, 0.009424167
-0.00441961, -0.008243436, 0.001214279, 0.00958032, 0.0007438978, 0.005634758, -0.008900386, -0.004592905, 0.002056878, 0.004017364, -0.0001844225, 0.007001777, 0.005733037, -0.009992742, 0.00629936, 0.007042093, 0.007083863, -0.0004316635, 0.006783905, -0.006857542, -0.009808672, 0.0004787447, 0.001206105, -0.005070089, 0.0001305278, -0.009202047, 0.008771392, -0.002031894, -0.009138644, 0.0006348119
0.002661924, 0.007081839, -0.007838836, -0.006363353, -0.00357519, 0.00218007, 0.00951678, 0.002412513, -0.003370651, 0.009972855, 0.007134104, 0.001480611, 0.003612795, 0.003583152, -0.001394461, 0.009770668, -0.008974165, -0.00335827, -0.00269124, -0.006611485, 0.008029658, -0.00947896, -0.002434761, 0.008605079, 0.009232744, 0.005099298, 0.0005504295, -0.00371557, -0.0005510653, -5.515656E-05
0.006861986, 0.003131015, -0.005456046, -0.008576105, -0.008644225, 0.002734065, 0.004840796, 0.002097938, 0.003583213, -0.005879688, 0.007525102, -0.005327324, -0.007062523, 0.006809172, -0.003991394, -0.001288577, 0.006866396, 0.007622714, 0.006324253, 0.0003605009, 0.009771471, 0.002128293, -0.009340828, 0.007473883, 0.002605334, 0.002140767, -0.0004831952, -0.006443661, -0.005596332, 0.00132504
-0.008369168, 0.00323376, -0.007034444, 0.006683952, -0.006890466, -0.00599838, -0.003064007, 0.002189006, 0.00223057, 0.005871907, -0.00507048, -0.00107141, 0.003058138, -0.006809975, -0.004137445, 0.003356641, 0.007584596, 0.0007556851, 0.002595988, 0.0005221305, 0.008232703, 0.002929623, -3.940957E-05, 0.009087521, 0.0001724699, -0.005267385, 0.002472777, -0.002928574, -0.001183223, -0.0007858675
-0.006782735, 0.001284822, -0.002305444, -0.007740754, -0.007509232, -0.005707512, -0.008290836, -0.003747416, 0.003700385, -0.007993761, -0.008225119, -0.005322545, -0.004605744, -0.009547556, -0.004569377, 0.0008429463, 0.009072197, 0.007470873, 0.001609699, 0.009248489, 0.004557156, 0.008762413, 0.0009599348, 0.003881861, 0.00309262, -0.001298563, -0.006728324, -0.006124511, -0.003488269, 0.008377853
0.001528491, 0.009864219, -0.006629757, -0.006984686, 0.002656581, 0.0036466, -0.00876508, 0.0007986188, -0.009304506, -0.008429089, 0.001648324, 0.001330789, 0.007054314, 0.0005883456, -0.00125246, 0.003555104, -0.00246746, -0.0004920207, 0.003657791, 0.009329759, -0.004340042, 0.004999945, 0.005461014, -0.0004298924, 0.004657718, -0.005545287, -0.009675719, 0.003811338, -0.0008326938, 0.003789814
-0.0089779, 0.007834308, 0.009741905, 0.005321097, 0.0004757268, -0.008090872, -0.008694323, -0.007620532, -0.00220221, 0.001784939, -0.0003922073, -0.001725849, 0.006774118, 4.015692E-05, -0.002400115, -0.006773947, -0.008292538, -0.009630151, -0.004864948, 0.009538238, -0.008831886, 0.003764338, 0.000218209, -0.002818117, 0.002716877, 0.006527977, -0.005595701, 0.003802745, -0.001643971, -0.00179938
0.003322999, -0.002576577, -0.008367253, -0.003092983, -0.009449962, 0.003814684, 0.001590367, -0.008266834, -0.009886651, -0.003162811, 0.002248708, -0.004846437, -0.008288126, -0.008128059, -0.0002793515, 0.007386409, 0.008227901, -0.004577303, -0.008031211, 0.001431304, -0.007252224, 0.009954238, -0.001323995, -0.0003713834, 0.002620717, -0.002741867, -0.002384382, 0.002558782, -0.007396693, 0.003948111
0.007504235, -0.002497568, 0.00402179, 0.009596108, 0.008464014, -0.007814649, -0.003356986, -0.0001335877, -0.000512019, 0.003786447, 0.001636397, 0.009973751, -0.009744259, 0.008297365, -0.002710131, 0.006014146, 0.002050541, -0.001654572, 0.00746076, 0.005330748, 0.008299848, 0.008981456, 0.001833607, 0.00692589, -0.00454641, 0.003367041, 0.008746745, 0.002002762, 0.004286582, 0.003292161
0.008841112, 0.00302658, 0.007079223, -0.007245265, -0.006881348, -0.007729581, 0.009371011, -0.002550367, -0.004381292, 0.007150427, 0.008384611, -0.004930248, -0.002998901, 0.008605246, -0.007187742, -0.006088203, 0.00436197, 0.0044612, 0.003348651, 0.001230125, -0.003678312, -0.003766021, -0.002671186, 0.004180232, 0.003871464, -0.009862958, 0.004966129, -0.00851879, -0.009141023, 0.0004120385
-0.008923792, 0.007943368, -8.986916E-06
0.001845516, 0.007474877, 0.004191368
-0.007428987, 0.00977988, 0.0032773
0.00110132, -0.006413906, 0.0001822753
-0.006357777, -0.006189552, 0.005155104
-0.007628856, -0.003792645, -0.00315554
-0.002652154, -0.001459534, 0.002960248
-0.004557831, -0.003576108, 0.009232496
0.009300271, 0.009734586, -0.00742638
-0.00167627, -0.0005803405, 0.005902349
0.001386791, -0.002880964, 0.006528039
0.003424824, -0.0002913153, 0.0003110688
0.005644994, 0.00419702, -0.0006246265
0.009670224, 0.009491482, -0.003804972
0.006327127, -0.005250669, -0.0003666738
-0.002111106, -0.002394592, 0.005569095
0.005736565, 0.005944051, 0.007994666
-0.003314806, 0.003712849, -0.007077182
-0.0049878, -0.002448263, -0.006424478
0.0004244048, 0.002553346, 0.007764949
0.00162626, 0.004255121, 0.000361639
0.007379253, 0.009699452, 0.006412446
0.00365886, 0.0002202482, 0.004099113
-0.00516363, -0.003294425, 0.001995642
0.007459465, -0.002325738, -0.0009525096
-0.003213762, -0.0008471992, -0.008312489
-0.0004089581, 0.001393886, 0.002130021
-0.002976387, 0.002612808, 0.003486777
0.007926123, -0.005252299, 0.003415899
0.003603671, -0.001602442, -0.007871722
-0.0003202802, -0.0003596384, -0.0003626415
