3x20x30x3
-0.00085384, 0.0001451072, -0.0009566887, -0.0009152801, -0.0002748932, -0.0009359668, 0.0006396549, -0.0001819521, -0.0007369285, 0.0006897008, 0.0008779945, 0.0003203247, 0.0004729316, -0.0006642641, 0.0009348177, 0.0005784642, 0.0006623823, 0.0006602776, -0.0007907951, -0.0005435437
0.0002380582, 0.0004418201, -0.0004836657, -0.0002530137, 5.909596E-05, -0.0009819446, 0.0001006596, -0.0004148552, -0.0004043808, -0.0008738831, 0.0008543486, -0.0002792392, 0.0007314516, 0.0003008439, -0.0007511688, 0.0002266081, -0.000470785, 0.000984492, 0.0005691533, -0.0001938032
-0.0002333621, 0.0008725542, -0.0008459276, -0.0004414771, -0.0005735263, 0.0007204491, 0.0007565192, 0.0005295232, -0.0002497355, -0.0009869528, -0.0004424505, -0.0007273785, 0.0005245305, 0.0002454219, 9.578112E-05, -0.0005642955, -0.000596141, -0.000424338, -0.000898219, 0.0004533017
0.0008495419, 4.208619E-05, 0.0001037501, -0.0009101148, -0.0009933617, 0.0004195611, -0.0005894125, -0.0002357873, 0.0009799859, -0.0006651334, -8.043904E-05, 0.0001606037, 0.0002371219, -0.0007889983, -0.0008344341, -0.0006567968, -0.0008873607, -0.0001957566, 0.0009917089, -0.0005560698
0.004319522, -0.001529761, -0.008125481, 0.003442927, 0.008274121, -0.007592894, -0.008796921, -0.007339676, -0.009060909, 0.006825934, -0.006158459, -0.004636272, -0.001557544, -0.0007009424, -0.00635008, -0.006790055, -0.007973221, -0.009824259, -0.00715317, 0.004549394, -0.006837832, 0.006684305, 0.006125565, 0.006902289, -0.005479242, -0.00921694, -0.006836744, 0.0007908865, 0.002023683, 0.002277651
-0.002276667, 0.001555296, -0.003073981, -0.005965915, 0.00816446, -0.007889798, -0.00535381, -0.004334007, -0.006509812, 0.006229678, 0.009762668, 0.007445783, 0.008146844, 0.006805997, -0.006280873, 0.005958383, -0.006569431, 0.009734242, 0.007545457, -0.002208414, 0.008188155, -0.007947492, 0.007366862, -0.003544853, 0.003456946, 0.009422522, 0.007133644, 0.001978562, -0.005253789, -0.004028989
0.004406922, -0.001952388, 0.001215623, -0.002234615, 0.002296552, 0.001606851, -0.009042882, 0.002650134, -0.00253504, 0.004015422, 0.006004695, 0.001236363, -0.006243605, -0.001708949, 0.00743216, -0.006662695, -0.004359467, -0.003642755, -0.003671012, 0.004832468, 0.0007741626, 0.002289405, 0.007253836, -0.005513982, -0.001404155, -0.004329164, 0.004188482, -0.009529145, 0.0005772276, 0.008741993
-0.005023421, 0.002667618, -0.009080327, 0.00751911, -0.008177169, 0.001715095, -0.003769878, 0.0003814752, -0.005490514, 0.002112372, 0.005001293, 0.0007803667, 0.002269281, -0.006469937, 0.00178693, -0.003048139, 0.008296113, -0.0009241647, -0.0009770222, 0.0001196774, 0.003781984, 0.0007764148, -0.004350492, -8.621738E-05, 0.005196929, -0.007882487, 0.0007937154, -0.003270378, 0.009169512, -0.003374267
0.00741835, -0.009513704, -0.007927029, -0.001276927, -0.0009612094, -0.006662907, 0.0003166458, -0.003762742, -0.003531839, -0.004282927, 0.007107133, 0.005259065, -0.008152276, 0.004216735, 0.009831195, 0.009993799, -0.009979881, 0.003723839, 0.002699094, -0.00835598, -0.00262527, -0.004887332, 0.001447829, -0.009542496, -0.005040029, 0.004200163, -0.002981925, 0.001005895, -0.007677811, 0.009705353
-0.009078635, 0.009500491, 0.001212041, 0.007883766, 0.004693979, 0.004515002, -0.001292615, -0.006453732, 0.004491288, -0.001550237, 0.006635173, 0.002058821, -0.007392369, -0.006694056, 0.003012504, 0.008522876, -0.001071281, 0.001432792, 8.267667E-05, 0.005203153, -0.007902645, 0.007069901, 0.00403051, 0.007525498, 0.009251, 0.002305674, -0.0009615562, -0.00838452, -0.006236963, 0.004838575
0.006319, 0.009310745, -0.006084831, -0.003237167, -0.005204348, 0.007606607, -0.005952931, -0.006036031, 0.009522743, -0.004683902, 0.001286401, 0.006473897, 0.009232555, -0.005750723, -0.0049912, 0.005315839, -0.007494947, -0.001858155, -0.002554977, -0.003562942, -0.004728565, 0.00558527, -0.009076716, -0.002880979, 0.007607944, -0.006148538, -0.004529968, 0.003686529, 0.008632762, -0.007611736
-0.004523425, -0.002908134, 0.009783173, 0.009652621, 0.002130807, 0.007324404, -0.001856286, 0.005844807, 0.008510331, 0.005405882, 0.004475857, -0.005035232, 0.001910088, -0.005233553, -0.006083276, -0.004376553, 0.00783735, -0.0002188409, 0.002516673, -0.006064883, -0.0001993707, -0.009103432, 0.004170522, 0.007326019, -0.0004328373, -0.009266267, 0.008387504, 0.006796131, -0.0008450985, -0.009055834
0.002136594, 0.0003605286, -0.004668884, 0.007134415, 0.00983958, -0.005805476, 0.00669075, 0.00957991, 0.002118489, -0.002315549, -0.002827822, -0.003339742, -0.0003684476, 0.002039061, 0.001961221, -0.009693301, -0.006324832, 0.006156798, -0.006797769, 0.001984465, -0.003985867, 0.00568885, -0.00883011, 0.004697673, 0.002587659, -0.00541999, 0.002921375, -0.007542853, 8.549586E-05, 0.001397096
0.008936911, 0.0013476, -0.003310199, 0.007566164, -0.006730653, -0.005884647, 0.009633624, 0.004775631, -0.005073143, 0.009722307, -0.001067272, 0.00825743, 0.007662691, -0.005167747, 0.006762994, -0.006859557, 0.00126499, -0.007868513, -0.004635268, -0.0007395226, 0.007058599, -0.007769292, 0.003593856, 0.007170436, 0.00493006, 0.006447748, -0.000809385, 0.0006334507, -0.005453205, 0.005259627
0.00127315, 0.004233621, -0.0005055849, -0.009278568, -0.001252469, 0.005824613, 0.009970402, 0.002065397, -0.0012303, -0.002154094, -0.009326955, -0.001100509, 0.001229907, -0.006519961, -0.006948233, -0.002243271, 0.008026165, 0.006337699, 0.007934705, -0.000552727, 0.003315009, 0.0007899183, 0.007092336, -0.009174989, 0.004338516, 0.0067062, 0.007753678, -0.0004806165, -0.007363924, -0.003178383
0.004924715, -0.0009997748, 0.0002289092, -0.0003326449, -0.001550904, 0.004699122, -0.001237037, 0.006941217, 0.006084655, -0.009061608, -0.006830011, 0.009199598, 0.003361752, 0.007518963, -0.00141254, -0.001840887, 0.001000787, 0.0001138906, 0.004118673, -0.002826627, 0.008421595, 0.002852941, 0.002698691, 0.005099458, -0.008055426, -0.009516771, 0.007141251, -0.00133058, -0.003617066, 0.002041369
0.008070926, 0.0004510088, -0.0005706018, -0.008051887, 0.002921151, 0.001672834, 0.008670552, -0.008437395, 0.00503095, -0.00164741, 0.008993722, -0.008915091, -0.009746999, 0.006996375, -0.003722746, 0.004115371, 0.007428194, 0.009573411, 0.002237631, -0.003820565, -0.004294629, -0.002360187, 0.005400676, 0.005462703, -0.001599975, -0.007928232, 0.006301492, 0.005129464, -0.002277278, -0.002034174
0.007557855, -0.009906438, 0.0005583748, -0.00595665, -0.007132596, 0.002718957, -0.0002297748, 0.001413627, -0.005402225, 0.006914562, -0.0005114648, -0.0005617701, 0.005082936, -0.004233919, -0.001820373, 0.007336648, 0.002599944, 0.005702309, -0.001177786, -0.002170824, -0.006944958, 0.007567835, 0.006431826, -0.00979654, -0.003664064, 0.0004311142, 0.005050367, 0.003966685, 0.003548098, 0.0008493741
0.005371356, -0.006458924, 0.00383983, -0.002934929, 0.0007947743, 0.008900158, 0.0005265516, 0.006209649, 0.004128996, 0.003558316, -0.005654819, -0.003985435, 0.004975654, 0.005323013, 0.006690902, 0.006267155, 0.002556875, -0.0003654333, -0.002716947, 0.001063359, -0.0005281713, -0.009400827, -0.003692732, 0.00989357, -0.005089191, 0.00999002, -0.006338257, 0.000354906, 0.007707421, 0.002436285
0.007668597, 0.005803553, 0.007865476, 0.003748402, -0.008456771, -0.004052532, 0.005598392, -0.00198217, 0.004971294, -0.0007204732, -0.003189887, 0.006390296, -0.008426677, 0.005263905, -0.006515972, 0.007040512, -0.007407835, -0.008891181, -0.006487487, 6.878538E-05, 0.007874261, -0.004584204, -0.00331638, -0.007515264, -0.008622445, 0.004772186, 0.007233804, 0.003946258, -0.00784571, 0.0008047904
0.005238419, -0.00982834, 0.008502197, -0.00830727, 0.005889734, -0.001458342, -0.001850953, -0.008772757, 0.003779769, 0.0007434895, -0.009331248, -0.005460983, 0.00466326, 0.008003593, -0.005746716, 0.003081571, 0.00902584, 0.001043408, 0.006409531, -0.002129667, 0.007397863, -0.007447066, -0.003157665, -0.002361373, 0.004562042, 0.002252801, -0.0008801128, 0.005380752, 0.002370851, -0.003228921
-0.001286345, -0.008347841, -0.004136421, -0.005833421, 0.00404107, -0.003361527, 0.007888059, 0.00988059, 0.009374136, 0.004942385, -0.001108576, -0.008635091, -0.002670978, 0.002769131, -0.0005999487, 0.003335254, 0.000752529, -0.001319915, 0.008231472, -0.001703979, 0.005746346, -0.003809582, 0.007536673, 0.00428393, 0.003406912, 0.002685483, 0.003329284, 0.0008635803, -0.002869319, -0.006363043
0.009421755, 0.002768341, -0.001143587, -0.002991213, -0.007970201, 0.00901661, 0.00867539, 0.0004966424, -0.006037533, 0.007614854, 0.00519348, 0.009145249, 0.001669256, -0.008532736, 0.008978954, 0.006032978, 0.005223893, 0.00407327, 0.008238554, -0.008773179, -0.008499712, -0.009560176, 0.007149224, -0.005925218, 0.0010247, -0.007476763, -0.005884545, 0.001579663, 0.0007596867, -0.008644359
0.003309174, -0.002975529, 0.002749976, 0.005737199, 0.005520593, 0.006123105, 0.002508464, -0.009679709, 0.0007393347, 0.0003833922, 0.004659821, -0.009744154, -0.005282432, -0.009383302, 0.003102515, 0.006601065, 0.004521189, 0.00606945, 0.005305066, 0.007373979, 0.007461545, 0.009256046, 0.002624978, -0.004096146, -0.007863323, 0.008981927, 0.005619062, -0.005218352, 0.005984016, 0.009506531
0.007387344, -0.009280127, 0.007022684, 0.0005756264, -0.008625695, -0.003327156, -0.006333939, -0.007390114, 0.002696478, -0.003119152, -0.009885206, 0.003670875, 0.005090388, -0.008112708, 0.004239665, -0.009703416, 0.005537327, -0.003569596, -0.006506281, -0.009980201, -0.002117124, -0.004370528, -0.009348945, -0.002753289, 0.007194863, -0.00621264, 4.830331E-05, 0.004204661, 0.004798954, -0.003216337
-0.008115768, -0.005517936, -0.002853332
-0.004118375, 0.004121312, 0.009208927
0.007438852, -0.004140722, -0.001779921
-0.008472463, 0.001767728, -0.009301807
0.006447417, 0.009716178, -0.007600941
0.003217684, 0.0067593, -0.004680501
0.003767413, -0.002833795, -0.005252084
0.007521429, -0.006875535, 0.004805407
-0.00145615, -0.009899831, 0.001345259
-0.009343551, 0.009440324, -0.007017841
0.006442975, 0.008014074, 0.002398955
0.005281698, 0.00836411, -0.004963361
-0.007223983, -0.003206916, -0.0005318865
-0.008823683, 0.002983876, 0.003433666
-0.005571075, 0.007000271, -0.001349639
-0.004773253, 0.007152267, -0.001989408
0.0062262, -0.001202271, 0.009136885
-0.009354305, -0.001883491, 0.001659639
0.009734046, -0.006657397, -0.005977482
0.00468001, 0.007338305, 0.004020818
-0.002136463, 0.006782225, -0.003580702
-0.004762102, -0.00491557, 0.003753834
-0.001701029, -0.008833859, -0.008648073
0.007362406, 0.0004418632, -3.397828E-05
0.005851609, 0.002590887, 0.004182304
0.001314127, 0.003092939, -0.003876133
-0.003844936, -0.006683204, -0.007051783
-0.006665197, -0.005569658, 0.0006423437
-0.006154548, 0.005797245, -0.000102601
-0.009260809, 0.005547624, 0.005021688
0.008850765, -0.009163192, -0.0005143697
