3x20x30x3
-0.0007756222, -0.000856401, 1.859855E-05, 0.0001177041, -0.0009009037, -0.0005049789, 0.000207272, 0.0005637168, -0.0008489543, 5.409323E-05, -0.0008970888, 0.0001055181, 0.0002067463, -0.0005310355, -0.000262159, 0.0009781942, 0.0006241078, 0.000132119, -0.0004039238, 0.0003078975
-0.0009987911, -7.192444E-05, 0.0006149932, 0.0004380514, 0.0002469833, -0.0001165472, -0.0007369933, 0.0009823872, -0.0005909922, 0.0001918402, 0.0007598325, -0.0007985911, -0.000833194, 0.0001506701, -0.000178817, 6.179372E-05, 0.0002402494, -0.0004379839, 0.0006028782, 0.000308103
-2.303655E-05, 0.0001490971, 0.0009380117, -0.0009022509, 0.0003826749, 0.0007869234, -0.0007921009, -0.0006823086, 0.000369548, 0.0006742821, 0.0003307126, 0.0002354449, -0.0009314688, -0.000290436, 0.0005134837, 0.0002007818, 0.0005588027, 0.0006628242, -0.0006449629, -0.0006619737
-0.0006517049, -0.000172058, 0.0004378805, -0.00030477, 0.0003650878, 0.0008227757, -0.0004846075, 0.0009029508, 0.0003520465, 0.0005269565, 0.000169414, 0.0005935465, 0.0006975556, -0.0009975201, -0.0009808298, -0.0002911381, -9.570363E-05, 0.0008795573, -9.149625E-05, -0.0006604355
0.009304359, 0.004985133, -0.002994658, -0.005420791, -0.009195815, 0.004494671, 0.004286, 0.007667125, 0.005647969, -0.0008545214, 0.0001524803, 0.008020538, -0.0001385772, 0.002343479, 0.002812034, -0.00647235, -0.005425918, 0.008611948, 0.003978704, -0.00425141, 2.662998E-05, -0.007509502, -0.007013645, 0.003469745, 0.006209504, 0.009875697, 0.006872687, 0.007284687, 0.002701931, 0.008276555
-0.0063096, -0.002748226, 0.00526979, -0.003196422, 0.008330021, -0.002914271, -0.00554829, 0.003673972, 0.001890592, -0.003202157, 0.002417348, 0.007216349, 0.009092997, -0.004655253, 0.005459624, 0.002432674, 0.008328184, -0.003696828, 0.009822797, -0.004472349, -0.003029861, -0.004592696, -0.008881535, -0.003700619, 0.004125344, -0.006108909, 0.0005373093, -0.006781136, -0.006672528, -0.009873811
0.008167938, -0.008196422, -0.009844067, 0.009185163, -0.009890018, -0.007223653, -0.007548793, 0.005687268, 0.003387429, 0.005901027, 0.009882851, 0.009796842, 0.005045871, -0.0005885074, 0.004095028, -0.007339769, -0.009456576, 0.001528098, -0.004103886, -0.005148012, -0.009843014, -0.003600442, 0.002352927, 0.002749043, 0.009593396, 0.008281621, -0.00386679, -0.001030482, 0.002678138, 0.004437707
0.006547539, -0.008767983, 0.0003456289, 0.001764077, -0.001369361, 0.0006132452, 0.007059734, 0.009908395, -0.004764814, 0.002683644, -1.803932E-05, -0.007359915, 0.002914874, -0.006078363, -0.004356067, -0.002826177, 0.0003608807, 0.001706118, 0.0022049, 0.001465724, -0.006650652, 0.009009321, 0.007322878, 0.008475427, 0.009968785, 0.001769446, -0.0005504614, -0.00259343, 0.009591415, -0.008171689
0.006643233, 0.003481191, -0.006990271, 0.00894959, 0.009352911, 0.008650951, -0.0005495889, -0.006718841, -0.009219128, -0.006519626, -0.004400947, -0.009365153, -0.003707509, 0.00321226, 0.004870729, 0.00751703, 0.003484876, -0.001567699, -0.002895872, 0.00241874, -0.002079601, 0.004426191, 0.006764735, -0.008787224, 0.001090275, 0.007538013, -0.00608981, 0.001871288, 0.001795517, 0.006861329
-0.008835239, -0.0003453842, -0.009682205, -0.006592447, 0.0060406, 0.006502182, 0.009632505, 0.003965512, -0.005432132, -0.003005904, 0.007724808, -0.002918793, 0.000925862, -0.001275724, -0.004132627, -0.007285226, 0.00271772, -0.005888772, -0.006394692, -0.00754769, 0.008283619, -0.008981207, -0.009697509, -0.002827531, 0.003906999, -0.007784475, 0.006716512, -0.008203698, -0.002140467, -0.008186487
0.004740189, 0.007577843, 0.001485163, -0.006081255, -0.007683414, 0.005944294, -0.009683036, -0.007114449, 0.00717197, 0.008369174, 0.007885027, 0.009518224, -0.006136986, -0.009890228, 0.004693718, -0.009159906, -0.006500557, -0.001960506, 0.005346132, -0.001624222, -0.005177681, 0.009799196, -0.001734002, -0.0006571666, 0.008577674, -0.009853484, -0.0006487174, 0.003144523, -0.0004993065, 0.003825066
0.009784443, 0.007835124, -0.003895174, -0.007246219, 0.002253771, -0.009854647, 0.005593906, -0.002993441, -0.003591173, -7.848562E-05, -0.007603608, -0.0001691638, -0.003060979, -0.004763175, -0.005433441, 0.008765029, 0.007154617, -0.00980798, 0.002478441, 0.003066364, 0.008717286, -0.001324358, -0.003549676, 0.009484136, 0.006991831, 0.004942027, -0.0006883126, -0.007857624, -0.004658758, -0.007828667
-0.00340572, -0.002826491, 0.003385934, -0.006652451, 0.00858354, -0.009949828, 0.003413656, -0.008890968, -0.002144194, 0.004547959, -0.004754101, 0.006493714, -0.008368393, -0.004575674, -0.004020066, 0.004990903, 0.002861532, -0.006969656, -0.005224573, 0.009812351, -0.00701055, -0.0008411871, -0.009334039, 0.006434253, 0.0051082, 0.001108763, 0.001386194, -0.003377592, -0.004238041, 0.007311834
0.0008342396, 0.003452591, -0.008334338, -0.005762204, -0.006672112, 0.005223936, 0.006446952, -0.006408645, -0.00334759, -0.005482045, -0.00464752, 0.006046844, 0.002336555, 0.007930555, -0.002179257, -0.007776327, -0.002955782, -0.008974275, 0.003504778, -0.00799815, -0.007919916, -0.003716799, 0.007367255, -0.004470865, 0.009180585, 0.007433969, -0.003492641, 0.006950438, -0.001760569, -0.002526412
-0.001335577, -0.003208896, 0.005347796, 0.0005442544, -0.006286128, 0.001794152, 0.004828468, 0.00739452, -0.007903595, 0.0007554755, 0.0085441, -0.0007299956, 0.006376849, -0.009742712, 0.004460261, -0.003055793, 0.006822802, -0.007263978, -0.001385814, 0.002884414, -0.005934639, 0.0003604642, 0.003117386, -0.006240097, 0.005232234, -0.005449779, 0.006085118, 0.006136232, -0.004943091, -0.004107169
-0.001283513, 0.009495935, 0.005352139, 0.009178572, 0.005854221, 0.008561878, -0.009300907, -0.008207495, 0.00421647, 0.006026879, -0.002604539, -0.0003506929, 0.008928668, -0.007251165, -0.006542004, 0.002810882, -9.372857E-05, 0.007110074, 0.001069237, 0.002236694, -0.009387625, -0.00622826, -0.001663738, 0.005354952, -0.006591437, 0.008303681, 0.003673423, 0.001587502, 0.005311861, 0.009163133
0.005708074, 0.008691107, 0.00233703, 0.00620273, -0.007960259, 0.009047462, 0.003916852, 0.007198301, -0.005596471, 0.005898295, -0.003755023, 0.005029066, -0.001481303, 0.002587192, -0.004511286, 0.004415889, 0.001430796, 0.0003676024, -0.009697877, -0.00757868, 0.004645339, 0.008974518, -0.004933028, 0.002819906, -0.004719197, -0.005054391, 0.001159389, 0.009996947, 0.005770255, 0.007551334
-0.00511128, -0.00088838, -0.003519305, 0.005053306, -0.009681816, -0.001296389, 0.00731159, -0.007274508, -0.009290433, -0.005590327, 0.008893162, 0.002707672, 0.002706805, 0.00517129, -0.004007852, -0.004417514, 0.00525279, 0.005749044, -0.0001342057, -0.001008194, -0.00312777, -0.006695322, 0.001285175, 0.002890507, -0.005481674, 0.006733844, 0.003624839, 0.009517479, 0.0009223135, 0.007095092
-0.002110893, 0.003921142, -0.008571523, -0.003147153, 0.001009055, 0.00713355, -0.001450232, 0.003465726, 0.002268742, 0.006785505, 0.007105014, -0.001293556, -0.000341202, 0.005892408, -0.006471381, -0.008062625, -0.003731451, -0.0001038201, -0.003171923, 0.009698456, -0.0003088223, 0.005410632, 0.000130842, -0.003221763, 0.0006785421, -0.008416599, 0.007826624, 0.00359019, 0.0005350994, -0.006415999
0.005078681, 0.007794125, 0.001802728, -0.006385444, 0.006520996, -0.005027892, 0.001279318, -0.004145768, -0.00583779, -0.001141042, 0.00703322, -0.008212855, -0.006519829, 0.003080555, 0.001886444, 0.00816623, 0.003645693, 0.005392446, -0.0006374748, -0.007418768, 0.0004660416, -0.006270702, 0.002689538, 0.001223999, -0.002596862, 0.002478283, -0.006210398, 0.004649647, 0.006174235, -0.0005744966
0.009306485, 0.00495929, -0.007069486, -0.001315161, -0.00829335, 0.009310911, 0.006902939, -0.00395574, 0.009371597, 0.008555581, 0.000657244, -0.009586068, -0.004266342, 0.007969079, -0.007334932, -0.002095254, 0.001930664, 0.007050894, 0.004891511, 0.002512068, -0.00206191, -0.007565911, -0.005772288, -0.002045885, 0.003118689, 0.001349284, -0.004895463, -0.0094207, 0.006211109, -0.005957321
-0.008817093, 0.006630209, -0.0003194434, 0.00473706, -0.0004475701, -0.007925279, 0.008856981, 0.004795381, 0.001373235, 0.002575942, -0.008736535, -0.002398012, 0.006020972, 0.000806565, 0.001924193, 5.233169E-05, 0.007996044, 0.004721062, -0.001441264, 0.009498838, -0.009452744, -0.003260705, 0.009758317, -0.006337726, -0.008512665, 0.006871943, 0.0007317816, 0.004976664, 0.005565871, 0.0003564715
0.004205811, 0.006323144, -0.0001673146, 0.005328479, 0.007373339, 0.004027167, 0.0007332979, 0.0009965786, -0.001583417, -0.009409151, -0.0009520457, 0.00713486, -0.004322822, -0.007684498, 0.001248185, -0.009663722, -0.003587601, 0.003420449, 0.006030253, -0.006933127, 0.003354312, 0.00038402, 0.002020816, 0.006712398, -0.006504804, 0.004443974, 0.006871325, -0.00398239, 0.003249513, 0.002680444
0.001342127, -0.006120479, 0.009228881, -0.008983677, 0.008370083, -0.00506078, 0.007767658, -0.009307599, 0.003433991, 0.007896168, 0.009318146, -0.003001487, -0.003695675, -0.002031898, 0.0004501723, -0.006588073, -0.008938433, 0.007442182, 0.002413725, -0.008849242, 0.0004604613, 0.007310356, 0.008946381, 0.00249909, 0.007002663, -0.006177192, -0.00569777, 0.003120692, 0.001833288, -0.007069584
0.0007395705, -0.001849327, 0.006053557, -0.001909987, -0.008148992, -0.0009545437, 0.0005221652, -0.003600141, -0.0051701, -0.004517009, -0.009181077, -0.007176504, -0.009561683, 0.007322139, 0.004018672, -0.002578486, -0.009371576, 0.0008891069, 0.008433593, -0.006205169, 0.007703763, 0.001723938, -0.005670825, -0.003065368, -0.00347795, 0.009614373, -0.008632689, 0.008486743, 0.00217656, -0.003453315
0.001969521, -0.006302163, 0.006224819
-0.007555086, -0.00499926, -0.00364588
0.003911608, -0.006926351, -0.005779488
-0.005310107, -0.003762078, -0.005746355
0.004605374, 0.002743259, 0.004240558
0.0006742001, -0.007401955, -0.003498815
-0.0006175002, -0.007299073, 0.007407965
0.002607911, -0.001183341, -0.003291187
0.0006539878, 0.00441224, 0.009316636
0.008199623, 0.001954201, -0.007914525
0.007563399, 0.0003883579, 0.007825353
-0.007025314, -0.005797159, 0.001057193
-0.009525618, 0.0002135071, 0.00181619
-0.007160539, 0.001438749, 0.008358441
0.003770512, -0.006364631, 0.0001576833
-0.005333979, -0.00487968, -0.007090598
-0.001772359, -0.006269967, -0.00290239
-0.002523298, -0.007413322, -0.007361761
-0.003711323, -0.0007665273, -0.002583193
-0.002573231, 0.001803982, 0.0005967937
-0.002961381, 0.005692508, 0.001145178
-0.007864474, -0.0028743, 0.005869762
-0.003574083, 0.00164977, -0.001462486
-0.006817129, 0.0002107052, 0.002405976
0.00468429, -0.003446662, 0.00124174
0.009051165, 0.008810948, -0.004839861
0.006550445, -0.003990847, -0.00071352
0.006409892, -5.198643E-05, -0.00176598
0.004988363, 8.53809E-05, -0.002223052
0.005188116, 0.006695193, 0.004930263
-0.004462526, -0.01085935, 0.004102325
