3x10x10x3
-0.01074516, 0.02878148, -0.01301132, -0.0236461, -0.02020359, 0.04098379, -0.01786856, 0.01613748, -0.002287295, -0.03475636
-0.0211615, 0.005799156, -0.00955382, -0.02807765, -0.057192, -0.02168442, -0.05936553, 0.04741555, -0.03735899, -0.002633873
-0.03065135, -0.02067878, 0.04339014, 0.0462762, 0.001564437, -0.01364703, 0.0008186536, 0.01369519, 0.02375973, 0.04629762
0.006265392, -0.006031629, -0.005158226, 0.0002682124, -0.003175598, 0.007103846, -0.006794666, -0.00738611, 0.002307912, -0.001712484
0.001940369, -0.03494392, -0.02380187, 0.00330113, -0.04006119, -0.0553043, 0.05141141, 0.03661626, 0.1313247, -0.001815435
-0.05469925, 0.09521715, -0.01290889, 0.02592912, -0.04135485, 0.04614909, -0.06515938, 0.06039449, -0.03103848, 0.1149869
-0.05142973, 0.07202322, 0.008016441, 0.02703694, 0.06465876, 0.1170413, 0.00602524, 0.0003403031, 0.006935452, -0.0799446
0.002772592, -0.1039947, 0.04203637, 0.04179125, 0.1267573, 0.1085392, 0.08312805, -0.005939851, 0.04736536, -0.124131
-0.1011311, -0.05200635, 0.06278028, -0.1202707, -0.01878996, 0.02962381, 0.04126442, 0.05616213, 0.0740694, 0.01569658
-0.03561077, 0.04049177, 0.06755342, -0.03097289, -0.03803659, -0.02317396, -0.09921393, -0.05595685, 0.05636723, 0.06484587
-0.08674541, -0.03462721, 0.01870216, -0.1255912, 0.08545135, -0.03586905, -0.04639466, 0.07810674, 0.08949371, 0.03641552
0.1112025, 0.09281123, -0.117071, -0.02633113, 0.07095771, 0.04933152, -0.05563141, -0.03472575, -0.1188793, 0.07236713
-0.08324576, 0.03276307, 0.08681491, -0.08070283, 0.09053926, 0.05820691, -0.07007245, -0.06978288, -0.05265472, -0.01907978
0.06952012, 0.04387832, 0.06272041, -0.05571997, 0.1125021, 0.05651836, 0.1069361, 0.02424249, -0.1013476, -0.1034641
-0.06703763, -0.1003168, 0.07062075, -0.11382, -0.003775748, 0.01454628, -0.04608452, 0.06243883, -0.03542482, 0.02507837
-0.02096399, -0.1883659, 0.02811573
-0.01056755, -0.112564, 0.1096772
-0.02587746, 0.0928314, -0.1580945
-0.004477655, -0.174498, 0.04932646
-0.1585141, -0.1272275, -0.1420204
-0.1291227, -0.05410602, -0.1000421
0.07307903, -0.126375, -0.07645197
0.04431617, 0.04301495, -0.06214994
0.09780284, 0.15607, -0.06873742
0.1315, 0.1500423, 0.1072935
0.2902521, 0.4000942, -0.3452968
