3x10x10x3
0.0002578444, 0.001428248, -0.004353709, 0.007891183, 0.006379563, 0.005060457, -0.00328473, 0.006984616, -0.006461627, 0.0049125
0.00310823, -0.006158848, 0.005247877, 0.001760149, 0.003602674, 0.002049334, -0.003695372, -0.004435778, -0.004172719, -0.002151474
0.01226914, 0.00929907, -0.007909333, 0.01083972, -0.009583873, 0.009244283, -0.01141718, -0.01697895, 0.00614617, 0.008245813
0.005756491, 0.009202154, -0.0006811045, -0.007432993, -0.005962518, -0.002091152, 0.0002792185, 0.00190001, 0.007772233, 0.007417175
0.01893108, 0.06197921, -0.02166968, -0.04368021, 0.02869872, 0.09043315, -0.08631371, 0.03781265, -0.07920638, 0.09283739
0.07696557, -0.04466673, -0.01015356, 0.06186222, -0.01550942, 0.01542921, -0.06792095, 0.07109712, 0.02744231, -0.002309199
-0.06629109, 0.003154866, -0.009307289, -0.03295474, -0.09948755, -0.02084538, 0.06990822, -0.03185982, 0.01776931, -0.06492353
-0.07130684, 0.03463525, -0.05466551, -0.06941707, 0.05669159, -0.01805484, -0.06304245, 0.04645838, -0.001614259, 0.06283869
0.03819712, -0.06989564, 0.05745821, -0.06891805, -0.0864941, -0.0357026, 0.06388766, 0.09779513, -0.07093692, 0.0627007
-0.06818832, -0.01452731, 0.06481214, -0.06812076, -0.06792466, -0.01410742, -0.02914325, 0.04759122, -0.04109063, -0.04168481
0.07738487, 0.05083347, -0.03664438, 0.05878169, -0.03374758, -0.05841819, -0.09032929, -0.04227166, -0.09421015, -0.09756543
-0.02336497, -0.01454779, -0.0271676, 0.06516543, 0.05852432, -0.09712505, 0.04662351, -0.03867855, -0.04873736, 0.03571947
0.01679048, 0.07214861, -0.06124582, 0.05432884, -0.0968797, 0.04200127, 0.06806402, -0.08611406, 0.1005356, -0.02949934
-0.08792274, -0.009839673, -0.01327999, -0.06160687, 0.08433693, 0.08718809, 0.06714755, -0.09906949, 0.06362258, 0.07161391
-0.04967123, 0.009549489, -0.03584434, -0.004912581, -0.03489795, 0.05858357, -0.03644229, 0.04767231, 0.07753741, -0.00391869
-0.05799443, -0.0796833, -0.03927942
-0.06218376, -0.02061503, -0.07964361
-0.02642821, 0.0927376, 0.07162324
0.09882659, 0.08188497, -0.001079027
-0.007373706, -0.09878992, -0.09657437
-0.007677872, 0.09896021, -0.0445835
0.0262912, -0.03737225, 0.04877228
-0.01077229, 0.09473641, 0.06865773
-0.05035882, 0.09892395, -0.04522018
-0.03035059, -0.07729322, 0.05283881
-0.03153265, 0.005095866, -0.03845513
