3x10x10x3
-0.010122, 0.02683885, -0.02176678, 0.009350429, -0.006558178, -0.04711073, 0.03828418, 0.02335421, -0.02436496, 0.006853596
-0.07356749, -0.04837531, 0.0511884, -0.06732585, -0.07159509, 0.0534317, -0.06755721, 0.05823632, 0.04443209, 0.08605926
-0.0008377553, 0.001626235, 0.001510832, -0.007614847, -0.001964035, 0.01702403, -0.01766184, -0.006708974, 0.007774207, 0.002610796
0.0007419207, -0.004822141, 0.001072673, 0.009127587, 0.007961247, 0.006698846, -0.008567633, -0.007039645, 0.008337311, -0.007496644
-0.06309638, 0.03029097, -0.02731276, -0.1321273, -0.05486808, 0.04455985, -0.1439171, -0.1064861, 0.02074032, 0.04679902
0.03448353, 0.0612186, -0.05992519, 0.02654826, -0.06043186, -0.0588914, -0.1234243, -0.1329903, -0.04024598, 0.01436488
-0.06575126, 0.06030735, 0.05523632, -0.0516787, 0.1088132, 0.1094961, 0.06055208, 0.02105205, 0.01707789, 0.09498324
-0.073607, -0.118325, -0.03361974, -0.08498941, 0.005315111, -0.01774741, -0.003955964, -0.124246, 0.02383253, -0.05521324
0.0401336, -0.1180813, 0.09385195, -0.04489527, -0.09362714, -0.02177766, -0.01841253, -0.1057292, 0.02413774, -0.1120246
-0.06591102, 0.1473308, 0.07776488, 0.07114075, 0.05322273, -0.1003404, 0.02849209, 0.0872604, -0.03925937, -0.05959653
0.02717979, -0.1118184, -0.1148806, -0.1081597, -0.08067045, 0.03093122, -0.03936074, -0.1305716, 0.07983691, 0.05700396
0.03018577, -0.06143212, -0.01525433, 0.1155986, 0.1165203, -0.08743977, 0.07994628, -0.009271301, 0.08730777, 0.03133488
-0.02278643, 0.01161708, 0.08293959, -0.0005199434, 0.0706381, -0.04860792, 0.002397085, 0.0612251, 0.03275028, 0.06452754
0.111921, 0.1010572, 0.05088669, 0.01906029, 0.07276032, 0.03254931, 0.1587985, 0.116207, -0.0819257, 0.06091188
0.07356837, 0.04274178, -0.07221042, -0.09045845, 0.01074968, -0.06390899, -0.0922996, -0.0736547, 0.01140068, -0.01090859
-0.03075357, 0.06801372, 0.001024843
-0.1832985, -0.04718425, -0.05236807
-0.1130947, -0.07487824, -0.04175624
-0.1921865, 0.1047049, -0.08870848
-0.2325378, 0.02497132, 0.02211916
0.02385049, -0.06332412, 0.08019036
-0.2515077, -0.02689089, 0.1038705
-0.2749398, -0.04487529, 0.08642549
0.02998614, -0.04472481, -0.007044176
-0.08601809, 0.02305556, 0.08594549
0.3303644, 0.1153511, -0.05579086
