3x10x10x3
0.0007527555, 0.001291795, -0.004396033, 0.008223246, 0.007455886, 0.00655272, -0.003739292, 0.007351452, -0.006973361, 0.004904147
0.006746907, -0.00623779, 0.003800355, 0.004213147, 0.003390303, 0.005000078, -0.004821943, -0.006523258, -0.003578843, -0.0008638467
-0.005823098, 0.008701374, 0.001902074, -0.001809501, 0.005530816, 0.003301157, -0.00956868, 0.0004091439, -0.003100895, -0.002044923
0.006028298, 0.009278751, -0.00084588, -0.007268424, -0.006491127, -0.002149658, 0.0003032638, 0.001354698, 0.008091751, 0.007591193
0.01852321, 0.06165867, -0.02213234, -0.04275952, 0.02893575, 0.0904437, -0.08617562, 0.03750173, -0.07952562, 0.09251607
0.07586999, -0.04609885, -0.01049025, 0.063572, -0.01585036, 0.01495135, -0.06714609, 0.07103568, 0.02621988, -0.002363644
-0.06558367, 0.004008927, -0.008904142, -0.034208, -0.09945901, -0.02059868, 0.06945572, -0.03165894, 0.01852627, -0.06475592
-0.07196686, 0.0338378, -0.05506289, -0.06823446, 0.05668244, -0.01829807, -0.06261253, 0.04625371, -0.002333162, 0.06268797
0.03907681, -0.06880797, 0.05800445, -0.07049601, -0.0865007, -0.03537794, 0.06330407, 0.09808667, -0.06995919, 0.06291631
-0.06792514, -0.0137952, 0.06538103, -0.06870061, -0.06808907, -0.01356523, -0.02971886, 0.04803238, -0.040079, -0.0418996
0.07837141, 0.05213332, -0.03638668, 0.05727199, -0.03339826, -0.05796781, -0.09103596, -0.04225579, -0.09311043, -0.0975523
-0.02243612, -0.0133998, -0.02663115, 0.06353192, 0.05855954, -0.0967757, 0.04600449, -0.03840813, -0.0477073, 0.03591893
0.01609725, 0.07136906, -0.06169975, 0.05560997, -0.09683077, 0.04182833, 0.06845677, -0.08636228, 0.0998546, -0.02975234
-0.08857921, -0.01064491, -0.01366729, -0.06043356, 0.08431656, 0.08694349, 0.06757871, -0.09926754, 0.06290226, 0.07146711
-0.04718618, 0.01419045, -0.03507123, -0.008399091, -0.03367274, 0.061377, -0.03953802, 0.04782713, 0.0821396, -0.005365127
-0.05583993, -0.08071318, -0.0379152
-0.06099322, -0.0206273, -0.0805153
-0.02734441, 0.09275082, 0.07255664
0.09929502, 0.08148594, -0.0005760008
-0.002472286, -0.09998502, -0.09526563
-0.00445361, 0.09916879, -0.04576916
0.0258622, -0.03784811, 0.05006237
-0.01357834, 0.09576707, 0.06765722
-0.0484287, 0.09935264, -0.04629952
-0.02696075, -0.07786185, 0.05333046
-0.0826855, 0.02180354, -0.06709781
