3x10x10x3
0.002133365, 0.00506459, -0.004606861, 0.007053271, -0.002838497, 0.007355169, -0.004146041, -0.006051826, -0.0005298153, 0.00489901
0.007642645, -0.004436879, 0.002300587, 0.004044052, -0.005700554, 0.0015001, -0.003661213, -0.01670221, 0.0003693092, 0.0007260292
0.01109599, 0.01374417, -0.01182416, 0.01029874, -0.01634754, 0.01684969, -0.01583559, -0.01349909, -0.01772954, 0.01230513
0.005840373, 0.00843929, -0.0009918385, -0.006946671, -0.004852952, -0.00260026, 0.0003290926, 0.003888804, 0.006415471, 0.007868397
0.0155299, 0.05604197, -0.02156246, -0.03972905, 0.02744798, 0.08859311, -0.08326115, 0.0385619, -0.08456896, 0.09394512
0.07506344, -0.04952973, -0.01206207, 0.06478678, -0.01499722, 0.01271893, -0.06482599, 0.06991454, 0.02109175, -0.0007595189
-0.06299907, 0.009030453, -0.00916681, -0.03692139, -0.09839694, -0.01888114, 0.06683705, -0.03240115, 0.02330174, -0.06601146
-0.0747545, 0.02865797, -0.05489043, -0.06520978, 0.05560652, -0.01985772, -0.06000311, 0.04696354, -0.007232268, 0.06381577
0.04123079, -0.06394489, 0.05768037, -0.07235963, -0.08555104, -0.03337358, 0.06066193, 0.09736217, -0.06499449, 0.06112636
-0.0707169, -0.01998561, 0.06299811, -0.06437387, -0.06759776, -0.01656126, -0.02596471, 0.04662662, -0.0476623, -0.04042354
0.07980027, 0.05627445, -0.03476889, 0.05520318, -0.03408246, -0.0557842, -0.09360424, -0.04123496, -0.08751058, -0.09898527
-0.02474024, -0.0110963, -0.01970237, 0.06587705, 0.05450027, -0.09048684, 0.04253853, -0.03251586, -0.03835418, 0.03137803
0.01860108, 0.07402217, -0.06070848, 0.05088897, -0.09766036, 0.04116224, 0.06791703, -0.08596531, 0.1017677, -0.02800309
-0.09129685, -0.01597782, -0.01373577, -0.05747319, 0.08341927, 0.08505049, 0.07038411, -0.09874537, 0.0576103, 0.07283051
-0.05079834, 0.004939372, -0.03705458, -0.005214005, -0.03455021, 0.05411241, -0.03341104, 0.04708813, 0.07393932, 0.0009611773
-0.07124576, -0.07411107, -0.04537093
-0.06310333, -0.01987763, -0.07574716
-0.02659696, 0.08929551, 0.06613973
0.08411059, 0.08747501, -0.005927407
0.008382482, -0.0971381, -0.08983858
0.01318585, 0.08448535, -0.03368877
0.009083347, -0.02989534, 0.04102293
0.0006491828, 0.08625756, 0.06987407
-0.04378151, 0.0890203, -0.03886896
-0.01409262, -0.07920825, 0.06039912
-0.0008070829, -0.01913071, 0.0005104206
