3x10x10x3
0.002616447, 0.005336338, -0.005889982, 0.007492206, -0.008747684, 0.004017102, -0.001192412, -0.004234817, 0.002811098, 0.006315465
0.006546377, -0.002053431, 0.003174017, 0.001911222, -0.01240913, 0.0006572795, -0.001541085, -0.01814991, 0.005776595, -0.0003949288
0.007928012, 0.008383635, -0.009014068, 0.008624886, -0.008910249, 0.01150572, -0.01009141, -0.007328443, -0.01429012, 0.01043503
0.005445375, 0.008855016, -0.0005682615, -0.007429518, -0.004767092, -0.002061861, 0.0001762786, 0.0033716, 0.006903494, 0.007357536
0.01691094, 0.05801956, -0.02265372, -0.04143073, 0.02829654, 0.08855563, -0.08403067, 0.03753528, -0.08359944, 0.09405667
0.07564976, -0.04838336, -0.01239129, 0.06357815, -0.01495786, 0.01274405, -0.06537624, 0.06969357, 0.02206009, -0.000509136
-0.06430893, 0.007259685, -0.00802825, -0.03519192, -0.0992529, -0.0186789, 0.06746772, -0.0313748, 0.02256963, -0.06635405
-0.07328945, 0.03066324, -0.05616574, -0.06701359, 0.05664965, -0.0200188, -0.06072802, 0.04578011, -0.006402305, 0.06402746
0.04010779, -0.06597017, 0.05847015, -0.07097994, -0.0861574, -0.03372538, 0.06161971, 0.09810308, -0.0664252, 0.0613697
-0.0700685, -0.01873162, 0.06259265, -0.06566872, -0.06751297, -0.01655163, -0.02654295, 0.04634976, -0.04667198, -0.04018156
0.07919259, 0.05506955, -0.03440979, 0.0564442, -0.03413856, -0.05582124, -0.09302761, -0.04099847, -0.08850547, -0.09920787
-0.02328178, -0.01214028, -0.02425456, 0.06470731, 0.05712881, -0.09430312, 0.04446844, -0.03638151, -0.04358283, 0.03380606
0.0175581, 0.07258147, -0.05983802, 0.05261456, -0.0980911, 0.04148355, 0.06839927, -0.08526309, 0.1011331, -0.02856983
-0.08996379, -0.0140918, -0.01488051, -0.05918526, 0.08429091, 0.0849263, 0.06968147, -0.09978867, 0.05846725, 0.07305535
-0.05056236, 0.005738459, -0.03629977, -0.004531713, -0.03601991, 0.05487375, -0.03352819, 0.04783262, 0.07420497, -0.0004774304
-0.06822521, -0.07475289, -0.04425441
-0.06287987, -0.02033323, -0.07711663
-0.02655667, 0.09242936, 0.06826998
0.08859439, 0.08661797, -0.004271034
0.003980285, -0.1014821, -0.09310614
0.007041695, 0.08953844, -0.0355391
0.0145563, -0.03145965, 0.0433616
-0.00271009, 0.08948286, 0.07053007
-0.04485572, 0.09289169, -0.03870976
-0.01806442, -0.08197961, 0.05809731
-0.008625142, -0.01660865, -0.00377866
