3x10x10x3
1.184386, -1.903912, -0.8225059, 4.391733, 2.67056, 0.8234234, -0.707698, -2.915945, 0.2067297, -1.166674
-0.5132443, -2.008727, 0.7369576, 4.647263, 1.962077, -0.9073384, 1.321971, -1.723792, 0.433685, 0.779736
-0.003217222, 1.498143, 0.6669418, 5.22926, 1.186919, 1.17777, -1.660796, -0.01209556, 1.565765, 0.7341203
0.01513851, -0.0110165, -0.00871563, -0.004363661, -0.006875454, 0.002184679, 3.241733E-05, -0.008059344, -0.008149795, -0.02234885
-0.962848, 0.6279867, -0.8676858, 0.3806252, -0.9564347, -0.9362049, -0.9547463, 0.983089, 1.130755, 0.952373
0.150139, -1.189903, 1.476585, -1.019619, 0.9592379, 1.292389, 0.5111642, -0.7233908, -0.4295436, -1.170235
0.8493214, -0.7900581, 1.149603, -0.542296, 1.249012, 1.250014, 1.093215, -1.133404, -1.033108, -1.262623
-0.0382069, -0.06260896, 0.0346028, 0.1231509, 0.06596958, -0.0179945, 0.01576383, -0.01553871, -0.06269674, 0.06993369
-0.5284278, -0.2363369, 0.4509838, -0.1179302, 0.3553635, 0.4747646, -0.1126087, -0.1926869, 0.2235911, -0.4034184
0.03893868, -1.083091, 1.339978, -1.285135, 1.302448, 1.386058, 0.4030972, -1.078041, -0.3640419, -1.316058
-0.9225467, 0.6792771, -0.8088978, 0.3445464, -0.8668703, -0.8675371, -1.018957, 0.9966367, 1.004053, 0.9357377
1.011877, -0.1600744, -0.009532719, -0.2085866, 0.2322989, 0.1078703, 0.5193349, -0.3114061, -0.7654923, -0.03459852
0.7994055, -0.9211655, 1.340153, -0.6535306, 1.550614, 1.39664, 1.099804, -1.422559, -1.181726, -1.419899
1.035113, -0.5662835, 0.8473806, -0.4201159, 1.127265, 0.952606, 1.076567, -1.07398, -1.142673, -1.033029
-0.7036105, 0.650384, -0.6582944, 0.4994156, -0.759402, -0.6848354, -0.8854827, 0.7779294, 0.7658248, 0.6764371
-3.230248, -4.11592, -1.568901
3.140127, 1.686564, 3.545384
-4.592834, -3.159573, -4.610815
2.605057, 0.8608921, 2.772721
-5.087012, -4.200637, -4.216023
-4.920135, -4.038333, -4.377606
-3.755001, -4.117489, -2.82512
4.60964, 4.139166, 3.701453
4.112163, 4.516464, 2.519975
4.791757, 4.174848, 4.328043
5.383726, 4.405947, 2.540525
