3x10x10x3
0.001567321, 0.01848134, 0.007324445, 0.02650048, 0.02464304, 0.008575186, 0.02455308, -0.01423553, 0.009904864, -0.02651418
-0.004934599, -0.002683334, 0.01280899, 0.006166946, 0.004680372, 0.01199592, -0.001970043, 0.001665809, -0.004274773, -0.001765721
-0.02053764, -0.01528072, 0.01801134, -0.01130986, -0.007500638, 0.01406096, -0.006404086, 0.01849234, -0.01374411, -0.0001290197
-0.008279227, 0.005698795, -0.001820075, -0.005052368, 0.007570998, 0.0007043344, -0.002939134, -0.00687262, 0.0005426955, -0.006940396
0.07357486, -0.002275021, 0.09511928, -0.05373088, 0.03025552, -0.08414276, -0.1065946, -0.04316529, 0.05938341, -0.07930474
0.02710559, -0.04290482, 0.01506116, 0.05093491, -0.01930211, 0.01057733, -0.0685809, 0.07106251, 0.02167657, 0.04738111
-0.01718367, 0.05075619, -0.09072857, 0.08751068, -0.02534989, 0.08332364, -0.0561231, 0.002983706, -0.02245962, 0.07876934
0.03859735, 0.06166791, 0.01137157, 0.02084692, -0.02921534, -0.05625612, -0.100019, 0.07097197, -0.004001156, 0.02394323
-0.08176351, 0.02317183, -0.07529871, -0.02406041, 0.03250739, 0.007537497, -0.08544569, 0.0568231, -0.08504577, -0.03691312
-0.03427939, -0.009726173, -0.0238165, 0.0943677, -0.03413188, -0.0180102, 0.08308147, -0.08248147, 0.09728181, -0.02203801
-0.09775168, -0.04790913, -0.09574837, -0.04672619, -0.01789009, 0.06415834, 0.04345806, 0.1043527, -0.02923337, -0.06792289
0.01791759, -0.01687846, -0.02881574, 0.08820667, 0.04030488, 0.07642849, 0.02807918, 0.03545211, -0.06041994, 0.05816314
0.05612877, -0.009971588, -0.00790522, -0.08829182, 0.007860574, -0.05615783, -0.02548373, 0.03210564, -0.04354017, -0.09788061
-0.02264329, 0.09037298, 0.06766386, -0.09327748, 0.02874869, 0.07175591, 0.009865396, 0.08286083, 0.08187439, 0.0729562
0.03438498, 0.003013183, 0.00584882, 0.09612182, 0.03239771, 0.07348583, -0.04322581, -0.04939657, 0.0003072375, -0.07674266
0.005373651, -0.09107579, 0.009281815
-0.01539949, 0.09297574, -0.01396812
0.1022944, -0.004365938, 0.08773915
-0.1046374, 0.03064671, -0.09876366
-0.03634347, 0.04172217, 0.06772069
-0.1020173, 0.02229469, 0.09723045
-0.09653939, 0.0528535, 0.08657983
0.02184522, 0.06467754, -0.1064477
0.03796976, -0.09829733, -0.003155801
-0.01526332, -0.0754374, 0.05789499
0.02930761, 0.05545109, -0.1634922
