3x10x10x3
0.003144553, 0.00491573, -0.006332791, 0.008013343, -0.008851434, 0.003496188, -0.0010136, -0.003786473, 0.002660276, 0.006712235
0.006357721, -0.001951899, 0.003294995, 0.001764838, -0.01234665, 0.0007876395, -0.001587165, -0.01810651, 0.005758157, -0.0004883548
0.00726401, 0.008433324, -0.008192274, 0.007750141, -0.009881471, 0.01110611, -0.009495479, -0.007001352, -0.01180363, 0.009516348
0.005434997, 0.008903984, -0.0005303182, -0.007474356, -0.004812986, -0.002016551, 0.0001670611, 0.003177398, 0.006985789, 0.007310812
0.01719509, 0.05850851, -0.02253025, -0.04172577, 0.02829177, 0.08874371, -0.08424997, 0.0375426, -0.08309182, 0.0939201
0.07587411, -0.04787825, -0.0120575, 0.06330794, -0.01510619, 0.01304925, -0.06564708, 0.06987142, 0.02276459, -0.0007242513
-0.06460904, 0.006716287, -0.008236581, -0.0348609, -0.09920607, -0.01891554, 0.06772165, -0.03144072, 0.02195134, -0.0661881
-0.07298956, 0.03119085, -0.0559831, -0.06734285, 0.05661962, -0.01980245, -0.06096909, 0.045828, -0.005819282, 0.06387816
0.03981335, -0.06652559, 0.05824703, -0.07066113, -0.08609985, -0.0339852, 0.06188684, 0.09802558, -0.06707361, 0.06155856
-0.06980371, -0.0181617, 0.06295149, -0.06598555, -0.06767121, -0.01622476, -0.0268406, 0.04653422, -0.04590342, -0.04041207
0.0789688, 0.05455201, -0.03476268, 0.05671426, -0.03397284, -0.05614217, -0.09274682, -0.04118959, -0.0892372, -0.09897947
-0.02325434, -0.01242915, -0.024763, 0.06472458, 0.05744426, -0.09471395, 0.04472014, -0.03675955, -0.044321, 0.03410177
0.01726177, 0.07197502, -0.06017316, 0.0529553, -0.09795252, 0.04115922, 0.06870694, -0.08541976, 0.1003564, -0.02833616
-0.08965527, -0.01351559, -0.01463111, -0.05953015, 0.08421934, 0.08519248, 0.06940611, -0.09969601, 0.05914526, 0.07286696
-0.05045988, 0.006053806, -0.03611025, -0.00461093, -0.03612174, 0.05509728, -0.0337134, 0.04790745, 0.07447485, -0.0007477701
-0.06668755, -0.07552497, -0.04373333
-0.06235404, -0.02074889, -0.0770551
-0.0267535, 0.09281911, 0.06837438
0.09011645, 0.08582067, -0.003787268
0.001928698, -0.1008525, -0.09386885
0.005154174, 0.09069353, -0.03617529
0.0165075, -0.03241161, 0.04406209
-0.004122666, 0.09044912, 0.07014387
-0.04514846, 0.09330203, -0.03877174
-0.01983854, -0.08133574, 0.05744933
-0.01178202, -0.01503732, -0.005575534
