3x10x10x3
-0.009751844, 0.002551832, 0.000351021, -0.008304999, 0.0009022034, 0.004845158, -0.006456383, 0.002284783, -0.005000355, 0.0003142314
-0.005483527, -0.006914296, 0.006649503, 0.003958125, 0.007325113, -4.478547E-05, 0.003501599, 0.008060883, 0.003603488, -0.005964005
0.0003080232, 0.006781095, 0.005552298, -0.003493732, -0.009023495, 0.005941471, -0.006717385, 0.008779163, -0.007457408, -0.007125427
1.104352E-05, -0.00483299, 0.001195453, 0.00826568, 0.007327786, 0.00775485, -0.009720948, -0.006412426, 0.00903737, -0.006784011
-0.04164934, 0.05812422, -0.02236561, -0.09778634, -0.01354333, 0.04165109, -0.09922244, -0.07790363, 0.01381533, 0.07969327
0.04134601, 0.07959908, -0.05272155, 0.03046057, -0.03727256, -0.04715603, -0.07621972, -0.0972686, -0.03931995, 0.04069706
-0.08087188, 0.03727067, 0.05072524, -0.05799885, 0.07953425, 0.09834971, 0.001667739, -0.01874281, 0.01406913, 0.06153862
-0.0543642, -0.08726498, -0.02551852, -0.05473977, 0.04629439, -0.01844172, 0.0436089, -0.09246448, 0.01974339, -0.02339085
0.06031432, -0.09671821, 0.09581128, -0.0165765, -0.05267391, -0.02124842, 0.03316358, -0.07233635, 0.01562871, -0.07520959
-0.08025807, 0.09948228, 0.05350308, 0.04575961, 0.02031826, -0.09561958, -0.009209572, 0.05877641, -0.04683331, -0.07625334
0.04347362, -0.06744186, -0.09472557, -0.08184535, -0.04318643, 0.02861099, 0.005117605, -0.09798179, 0.08416618, 0.08116917
0.009235067, -0.08375524, -0.01701199, 0.0840709, 0.08038274, -0.08415367, 0.04145939, -0.03269826, 0.09467506, 0.0007826732
-0.03481387, -0.02599591, 0.06562848, -0.01072128, 0.04179669, -0.05384647, -0.04076806, 0.02872187, 0.02494197, 0.04191397
0.09076785, 0.0848325, 0.05436884, -0.004003272, 0.03313553, 0.02775618, 0.09800737, 0.07765663, -0.07339007, 0.0187151
0.08044203, 0.07835615, -0.05647779, -0.08581688, 0.03944639, -0.05848433, -0.06729906, -0.05485864, 0.01934356, 0.002449374
-0.07014994, -0.002392419, -0.01651165
-0.04707279, -0.02736557, -0.07875556
0.02604497, -0.0007792886, -0.05177137
-0.04692535, 0.09578618, -0.07647695
-0.06362232, 0.03866468, -0.03334086
0.02330944, -0.04966846, 0.02737026
-0.08774007, -0.03302801, 0.0357067
-0.05021824, -0.02593952, 0.03992445
-0.0118234, -0.05141305, -0.02001196
-0.04475522, 0.004544007, 0.03222211
-0.03832229, -0.08689329, -0.09302085
