3x50x50x3
0.3131754, -0.07949266, -0.1813317, 0.1963339, -0.2460427, 0.6323875, -0.3702557, 0.3902251, -0.0319255, 0.03718871, -0.2311178, -0.4928735, -0.5540023, -0.3588057, -0.8037781, 0.6944978, 0.0893146, -0.5567589, -0.2395672, 0.5538106, -0.06849613, 0.06290284, -0.2712978, -0.1407112, 0.1791624, 0.5070803, 0.5371541, -0.5144977, -0.08893496, -0.2899577, -0.2695171, -0.04806441, 0.2089593, 0.0827952, 0.1357996, 0.1373737, 0.1009858, 0.59404, -0.3954567, -0.236143, -0.03046283, 0.6430756, 0.2911162, -0.1926423, 0.08613884, 0.5651482, 0.03546496, 0.3448673, -0.3900684, -0.2778392
0.3785646, 0.5180088, -0.3193868, -0.3398646, -0.4069239, -0.1368955, -0.2104566, -0.1437784, 0.3938852, 0.2302327, -0.3112309, -0.3847068, -0.3265635, -0.3281252, 0.001147058, -0.3338622, -0.2114836, 0.2722036, -0.2165257, -0.340313, 0.144393, 0.2195145, 0.6839349, 0.1838901, -0.5527686, -0.2979895, -0.02094217, -0.3186771, 0.2173178, -0.3051042, -0.433927, -0.4283056, 0.2203979, 0.5573147, 0.1410077, 0.3662681, -0.280947, 0.08016751, -0.1174216, -0.3318456, -0.0180692, -0.008051212, -0.04333282, -0.309979, 0.1548063, 0.2555525, -0.1957889, -0.5074893, 0.5067199, -0.1808458
-0.4241985, 0.2823275, 0.6192171, -0.6420407, 0.4773729, -0.3643644, -0.5103654, 0.3407394, 0.6637805, -0.4033455, -0.5097812, -0.2439587, 0.4686592, -0.348548, -0.1423574, 0.06561121, 0.4425035, 0.5479922, 0.5063984, -0.1520176, -0.6373334, -0.6164494, -0.362136, 0.5470197, -0.5009162, 0.4720074, -0.4925486, 0.04945809, 0.4418361, -0.6377875, 0.3835588, -0.3305598, 0.5420921, -0.3187461, 0.4071046, 0.5275993, -0.473548, 0.2910968, -0.6807801, 0.5588409, -0.5051779, -0.1627386, 0.4820511, -0.3853596, 0.4399136, 0.1428623, 0.6291305, 0.08143903, -0.3055208, -0.5044145
0.01586686, -0.002961577, 0.003535259, 0.01274358, 0.01260304, -0.003529873, -0.001972493, 0.005206102, -0.003133579, -0.004890004, 0.01778472, 0.006485472, 0.006077742, 0.005357761, 0.02291605, 0.002404823, 0.01111136, 0.01190134, 0.005952604, 0.002808617, -0.008427211, 0.007374491, 0.002876027, -0.0002970674, -0.01022911, -0.011491, 0.01685156, -0.01591466, -0.01487431, -0.007076459, 0.006857981, -0.004559551, -0.01147721, -0.01047428, -0.01867037, -0.009815108, -0.006723139, 0.006959386, 0.0006957441, 0.009221544, 0.01060517, -0.0005438082, -0.005029988, 0.01432902, -0.001849179, 0.002976794, -0.001518076, 0.007304897, 0.006640987, 0.003083747
-0.04850625, 0.1075714, -0.1090637, 0.07446071, -0.01173931, 0.02905477, 0.07977603, -0.06577165, -0.06593621, 0.009687209, 0.002254429, -0.06207602, -0.07316441, 0.08924078, -0.03956232, -0.1021273, 0.04829514, -0.0006419052, 0.06706163, 0.1008876, -0.05502823, 0.05725541, 0.01397542, -0.2222561, -0.009230795, 0.06430428, 0.08765482, -0.0711879, 0.02390338, 0.06863362, -0.08756102, -0.07816719, 0.07338704, -0.03487515, -0.04989242, -0.04335614, 0.0809297, -0.1083072, 0.06990712, -0.001186354, -0.05311566, 0.1226004, 0.1098659, -0.06388567, 0.03816835, 0.03151962, -0.05246654, 0.1034215, 0.1073505, -0.1789953
-0.1178334, 0.04105266, 0.01564092, -0.03183757, -0.0722123, -0.07283984, -0.02636521, -0.0197431, 0.05254859, -0.1658373, 0.03440886, -0.02230412, 0.07329853, -0.1213261, -0.02391084, -0.05882137, 0.02744731, 0.1072578, 0.01116785, 0.1345078, 0.08467867, -0.09859506, 0.009355083, -0.006307848, 0.0954859, 0.04684531, -0.0711994, 0.09524654, -0.123033, -0.03673893, 0.04996365, 0.01903053, -0.02894363, -0.1597443, 0.05957957, 0.1257132, -0.09712438, -0.04589341, -0.09643035, 0.07269618, 0.01384086, 0.04288578, 0.1014848, -0.07948863, 0.05937837, 0.09717815, -0.1116549, -0.1452886, -0.04085223, -0.08477221
0.04115288, -0.06700148, 0.0104099, -0.04229943, 0.01639318, -0.09852882, 0.09578229, 0.07295442, 0.03142631, -0.01536825, -0.1379988, 0.03523841, -0.1285984, -0.02856958, -0.008757008, -0.05884957, -0.01530267, 0.0626426, -0.001545344, -0.1556566, -0.001269932, -0.0122094, 0.0106721, 0.04659087, 0.06150192, -0.0995641, 0.01986557, -0.06870361, -0.02037578, 0.05185759, 0.08083928, 0.05096335, 0.01723099, -0.001769228, 0.07215026, 0.03698427, -0.06039583, 0.1243385, -0.04235879, -0.02610631, 0.1300891, 0.03237636, -0.03889314, 0.1452849, 0.05251412, -0.2121027, 0.03341983, -0.04614259, 0.003663105, 0.07956864
0.03261003, 0.1251434, 0.000752343, 0.03448801, 0.008440498, -0.1133019, -0.02382057, -0.05137097, 0.02709526, 0.09377253, 0.06606496, 0.0504082, 0.01426153, -0.04897912, 0.007880379, -0.1299318, -0.06912697, -0.1201695, 0.1045189, 0.01356848, 0.1677772, 0.1117098, -0.01679277, -0.1587916, -0.1406226, 0.08499862, -0.00365108, 0.07666278, -0.1603406, 0.0795027, 0.008718591, -0.01952842, -0.03918533, 0.01023851, 0.02161322, -0.1786691, -0.07943089, -0.03373892, 0.005702644, -0.04694404, -0.08800604, 0.03770017, -0.08940791, -0.03912852, 0.1713114, 0.1320857, -0.006260038, -0.01163703, 0.06761681, -0.1721534
-0.04149402, -0.04587298, -0.04723899, 0.02510185, -0.0324427, 0.1477887, -0.05491016, 0.00301454, -0.004384353, 0.07583433, -0.02572524, -0.1728267, 0.04741969, 0.06873499, -0.07724102, -0.06800377, 0.000748614, -0.03477979, -0.1125881, 0.08754506, -0.1479022, 0.08694484, 0.00223894, 0.0641267, 0.02274037, -0.05231731, 0.007170865, -0.03248193, -0.02406361, 0.1175933, 0.04560949, -0.07770868, -0.1027937, -0.03391226, 0.1095574, -0.01950833, -0.08320677, 0.03867402, 0.1078718, 0.09222279, -0.02776635, 0.0334087, -0.03585183, -0.0003677887, 0.02464915, -0.1355043, 0.1405824, 0.007666146, 0.01013869, 0.1809944
-0.04338218, 0.1340013, -0.08615113, -0.09060725, -0.07261218, -0.05447051, -0.02638195, -0.02718539, -0.05383706, -0.05979269, 0.04712797, 0.05532823, -0.02034628, 0.03503813, -0.03581699, -0.05189373, -0.179645, -0.05294808, 0.1525602, 0.08759324, 0.1180582, 0.08100263, 0.0109288, -0.03854281, -0.006385516, 0.04152055, 0.02577808, -0.02598218, 0.01180887, 0.07057893, -0.0636001, -0.07620813, 0.08318761, 0.02613045, -0.01116889, -0.1247378, -0.08780292, -0.09909093, -0.05535213, 0.009053069, -0.1107624, 0.01527419, -0.1148097, 0.01026702, 0.01053874, 0.1112826, -0.08113378, 0.02548786, 0.01385829, -0.1428204
0.03106994, -0.1355466, 0.05582204, -0.009367428, -0.04078769, -0.01307372, -0.06438592, 0.00898694, -0.03658455, 0.07336643, -0.0009906705, 0.04600964, -0.08489979, -0.0007392248, -0.1297836, -0.03788487, 0.1637015, -0.01190854, 0.007680905, -0.1189028, 0.004349333, 0.1517743, -0.1265391, -0.1892256, -0.05624732, -0.0764407, 0.09068617, 0.09610861, -0.04949317, 0.04861121, -0.07856558, -0.0521278, 0.03957385, -0.1009954, 0.0190746, -0.108477, -0.00458475, 0.1409332, -0.01066113, 0.008926723, 0.1107698, -0.04956607, 0.02010668, -0.04805154, -0.1182098, 0.03685707, 0.03559663, -0.006522333, 0.001938449, 0.009760258
-0.08078196, -0.03969768, -0.02333147, -0.05077403, 0.09360223, -0.07443689, -0.07534862, -0.003008828, -0.0703553, -0.01266253, -0.08752768, 0.00297786, 0.01190952, -0.004315098, -0.04989639, 0.03858129, 0.1388536, -0.0282549, -0.1051083, 0.2366561, 0.1122241, -0.03146835, -0.1190244, 0.1041529, -0.02170402, -0.07299218, -0.08583595, 0.07322465, 0.0996328, -0.04349404, 0.02557115, -0.04269914, 0.05956337, 0.01547043, -0.03951705, -0.07133521, 0.08127797, -0.02621583, -0.001249331, -0.1135523, -0.1104662, -0.03762626, 0.09643663, 0.1735017, -0.1025485, -0.009807324, 0.076237, -0.030073, 0.04608871, -0.1329305
-0.1117159, 0.02622785, -0.01184426, 0.03287217, 0.07753216, -0.08886056, -0.07740554, 0.06834128, 0.07839283, -0.1476859, 0.00408576, -0.009984363, -0.04324749, 0.02055161, 0.01354977, 0.03022046, -0.05134534, 0.1315834, 0.03145369, 0.02593319, 0.06582108, -0.08998561, 0.06045052, 0.02319425, 0.1126615, -0.07267229, 0.05348517, 0.001623021, -0.04008314, -0.04123193, -0.05277176, 0.00957929, -0.1719782, -0.02665744, -0.01441521, 0.09355946, 0.1584435, -0.06061012, 0.04099149, -0.03473308, 0.05409871, -0.05330005, 0.06859468, 0.03318658, 0.1765539, 0.07036997, -0.03285732, -0.06362377, -0.009121858, -0.05218654
-0.03232722, -0.052952, 0.03423528, 0.03037841, -0.03938133, 0.111421, 0.03353511, -0.07874998, -0.009153851, -0.02876013, 0.09619302, -0.07082571, 0.03870289, -0.0005857958, 0.02873564, -0.05377092, -0.02458007, -0.01648007, -0.004047822, 0.04109024, 0.05070413, 0.001547536, 0.1233542, -0.01573166, -0.02275894, -0.007865456, -0.06318257, -0.006499236, -0.1099318, 0.02624988, -0.003259245, -0.03034814, 0.1215989, 0.1199733, -0.04721382, -0.07858273, 0.04933577, 0.03779633, -0.04513126, -0.02876155, -0.124356, 0.03317554, 0.004765678, -0.07819573, 0.06033816, 0.05899758, 0.001907502, -0.08217695, -0.05658774, -0.02334294
-0.0184417, -0.06650726, -0.04127736, -0.03431694, -0.09675217, 0.04321372, -0.05260352, 0.0325018, -0.1373611, 0.1366284, 0.05642759, -0.1049446, -0.03426107, 0.02192293, 0.1010325, -0.01274503, -0.02594651, 0.04384929, -0.05977325, -0.1432222, -0.1145886, -0.0519117, -0.1123521, 0.03065858, 0.03867706, -0.1211888, -0.06089201, -0.09376686, -0.04915427, 0.01145517, -0.02836739, 0.1127395, 0.04457241, 0.0620796, 0.06967572, -0.1919047, -0.08624317, 0.1029177, 0.0274367, -0.06934837, 0.05932226, 0.05189866, -0.0365487, -0.1364004, -0.009379596, -0.09072649, 0.07615559, 0.0895814, -0.08967516, 0.07201014
0.06034891, -0.1474737, 0.08523398, 0.03069486, -0.06117553, 0.2032025, -0.07887471, 0.1084124, -0.04432803, 0.0894696, -0.005668078, -0.01206271, 0.09444419, 0.02277371, -0.07020918, 0.1114966, 0.1096627, -0.00424617, 0.1095774, 0.003823487, -0.06209908, 0.01994349, -0.04423562, 0.03103416, 0.02263137, -0.05170547, -0.0659964, 0.07829423, 0.1098217, -0.05639329, -0.1105421, 0.03637436, -0.0285432, 0.09803983, 0.02059383, 0.05786714, -0.07494574, 0.1621791, 0.1958233, 0.1304254, 0.01994318, -0.110468, -0.02245634, 0.06165063, -0.02613249, -0.1142817, -0.01407563, -0.08297458, -0.07410484, 0.06383852
0.04688073, -0.1178447, 0.04020108, 0.01487526, -0.06240069, 0.02911543, 0.0106822, 0.04339423, 0.03297257, 0.02251655, -0.04837778, -0.1744578, -0.02636101, -0.106788, 0.0149364, 0.1643664, 0.03990407, 0.05844003, -0.04666889, 0.07534889, -0.02967001, 0.04387829, -0.01724456, 0.1107842, 0.003298672, -0.06816348, -0.1078697, -0.10445, 0.01044179, 0.1051933, 0.01738063, -0.05447173, 0.0214205, -0.01374029, 0.03815321, -0.04234399, 0.004769426, 0.09209814, 0.1457495, 0.05753232, 0.1648895, 0.0159143, -0.05063161, 0.03705597, -0.05614153, -0.1433065, 0.2200348, -0.08327683, -0.02598827, 0.103852
0.04674511, -0.05775526, -0.05237168, 0.01406467, 0.05023261, 0.08294272, -0.06512732, -0.1266116, -0.09232676, -0.08506293, -0.08716872, -0.04846577, 0.06069161, -0.0645804, -0.03030397, 0.05938213, 0.05541582, 0.102045, 0.002885791, 0.0136255, -0.1013945, 0.04864792, -0.05029849, 0.01767576, 0.07882904, -0.05558714, -0.1371884, -0.02264906, 0.1051482, 0.007334339, -0.1558861, 0.1232544, 0.1292516, 0.04686743, 0.0289452, -0.09159296, 0.03674717, 0.03564499, 0.1846124, 0.0608077, 0.04714309, 0.01032375, -0.01776485, 0.02494891, -0.1207148, -0.1635663, 0.08145206, 0.07486853, 0.07117202, 0.1024825
-0.01709576, -0.07745359, 0.02596409, 0.01790335, -0.03251031, -0.1419833, -0.07095242, 0.08477502, -0.02890393, -0.09748546, -0.03632502, 0.06573442, 0.05842608, 0.061269, 0.06774399, -0.0539778, -0.01173207, -0.04934725, -0.000128085, -0.1632966, -0.07534592, 0.05708439, 0.04404669, -0.0211653, 0.07632406, 0.005739029, -0.094272, -0.04808487, -0.1535827, -0.09291468, 0.1302179, -0.07380564, 0.01887761, -0.1584908, 0.04660646, 0.0553115, 0.01438341, -0.0546503, 0.01889632, 0.02666119, 0.02368937, 0.1104363, 0.06780268, 0.05375903, -0.02512733, 0.04104611, -0.05917071, -0.05085836, 0.03188413, -0.0001000186
-0.01427333, 0.008638754, -0.06937026, 0.07925578, 0.03326649, 0.1373283, -0.05429215, 0.03161151, 0.07065488, -0.09083033, 0.1031243, -0.08139548, -0.03817467, -0.06321481, -0.05353382, -0.04004695, 0.01121673, -0.05692282, 0.07550689, 0.2545103, -0.01111807, -0.04952581, 0.07331216, 0.05781441, -0.1024149, -0.04415349, 0.07248945, -0.08141256, 0.02196589, 0.02048991, -0.07998421, 0.004270155, -0.04443145, 0.0220141, 0.01192724, 0.06475344, 0.09016454, -0.07616305, 0.07530771, -0.03654953, -0.0009878482, -0.01399656, -0.08230812, 0.03508203, 0.07030109, -0.003748118, -0.009089136, 0.05916965, 0.04767506, -0.05927106
-0.02294707, 0.0941275, 0.01091627, 0.0288339, -0.04217173, -0.03441748, 0.06953231, 0.05348776, 0.03814298, -0.03477241, -0.1278975, -0.01924704, -0.08157054, -0.06976968, -0.1299684, -0.05089859, 0.1064274, 0.0786626, -0.05131856, 0.04239763, 0.06000935, -0.1159122, 0.09562809, 0.1529268, -0.001296627, -0.0610466, 0.06653558, 0.1135746, -0.04228256, 0.01294071, 0.1183924, -0.1056857, -0.1333373, -0.0636421, 0.06133071, -0.03270276, 0.09826372, -0.09658469, -0.0218661, -0.02122603, 0.05183695, 0.01345706, 0.02787766, 0.06832402, -0.06002843, 0.02980274, -0.028269, -0.04832815, 0.0601952, -0.08032837
0.03974323, -0.02735497, -0.07061861, -0.03641981, -0.01704925, 0.05903008, 0.09183221, 0.1261309, 0.009817224, -0.103626, -0.1280985, 0.1625552, -0.02770331, -0.05768051, -0.09739579, 0.103925, 0.1542155, 0.1594294, -0.06724508, 0.01147551, 0.02435246, 0.06605377, -0.02320644, 0.05818375, 0.05586883, 0.08200832, -0.0001179162, -0.04953507, 0.02655657, 0.08519207, -0.01271942, 0.06830205, -0.006344571, -0.05757333, 0.01272106, 0.0444534, 0.1231571, 0.02428325, 0.1077759, -0.04578056, 0.03161892, 0.1299544, 0.04721187, 0.04208623, -0.09207523, 0.07602808, -0.0411531, -0.1004634, 0.09210786, -0.007633322
0.04410253, -0.01027673, 0.02698093, 0.05417017, 0.08732124, 0.04347314, 0.08887352, 0.04876598, 0.08522668, 0.06840064, -0.1480588, 0.00507509, -0.08563576, -0.01209429, 0.0135075, 0.09173105, 0.05817632, 0.09741136, 0.07388104, 0.03789495, 0.05135701, -0.02838267, 0.07148584, 0.02258172, 0.1353346, 0.1431483, -0.06594675, -0.1187356, 0.05227645, 0.0890277, 0.06586126, 0.01337021, 0.002281767, -0.1161931, 0.1013487, 0.1337633, -0.05791396, -0.05139387, 0.08926917, 0.0772519, 0.0875264, 0.03250463, -0.08785271, 0.01706277, 0.01947826, 0.106695, 0.01720439, -0.1650234, 0.05801756, 0.03350367
-0.1122366, 0.1182428, -0.08908478, -0.07522939, 0.02540514, -0.01683662, 0.1281943, -0.07754124, -0.09237804, -0.1283154, 0.1086207, 0.02125396, 0.06628232, -0.01094707, 0.1286145, 0.005084415, -0.1146077, -0.135976, 0.002633999, 0.1428192, -0.04126412, -0.1466151, 0.09959536, 0.02868701, -0.09108397, 0.06148458, -0.05989879, 0.1064477, -0.01299129, -0.02691821, -0.02508744, -0.1059245, -0.09211858, 0.06615406, -0.1164316, -0.0796553, 0.05154952, 0.006950081, 0.1255683, -0.07285589, 0.04807291, -0.1841445, 0.01705386, -0.022192, 0.1000348, 0.1040508, -0.01388676, 0.06412226, -0.06243999, -0.07058378
-0.02685733, 0.01247013, -0.1010999, 0.0927136, -0.1002567, 0.06000714, -0.04098161, 0.005293954, 0.1012985, -0.007768516, -0.03565834, 0.09719261, -0.0006400045, -0.04090656, 0.09485435, 0.02871672, -0.05596204, 0.116226, -0.08481143, 0.04922554, -0.01492199, -0.117307, -0.0683456, -0.05800367, -0.02470625, -0.1060635, 0.1037279, 0.1258998, 0.005678277, 0.04361457, 0.054968, -0.02447762, 0.02736899, 0.07634427, 0.06204578, 0.1052852, -0.1466288, 0.05286996, 0.1868096, 0.1266412, -0.008715834, 0.07376654, -0.01651764, -0.09468015, 0.06361447, -0.06222946, -0.02248123, 0.06888241, 0.0507442, 0.0190405
0.009938061, 0.1615744, -0.01179888, 0.02784019, -0.02187754, -0.06773576, -0.07280455, -0.1306393, 0.005753957, -0.001688696, 0.09841247, 0.1684244, -0.07356892, -0.01099405, 0.1169729, 0.01212691, -0.09322081, 0.03327483, 0.07527481, 0.02421489, 0.01137551, -0.05445514, 0.06778337, -0.1585714, 0.006232745, 0.05401602, -0.03949032, 0.07671881, -0.1418603, -0.01611939, 0.06813723, 0.05052561, -0.01476841, 0.01015, 0.003915783, -0.1570493, 0.0008207736, -0.1203654, -0.02812469, -0.01212676, -0.03839991, 0.1038185, -0.07683762, -0.006174208, 0.06409333, -0.009495753, 0.0399481, -0.0315551, -0.01449968, -0.1001867
0.0009623246, 0.02610841, -0.1258014, 0.02961104, -0.1185527, -0.09478915, -0.06900666, 0.04728302, 0.0760097, -0.03422865, 0.009989337, 0.1605336, 0.08780342, 0.009329061, -0.03532995, 0.02386308, 0.07306909, -0.01304937, -0.1240364, -0.04572633, 0.02952837, -0.04262875, -0.0217998, -0.1071125, 0.04420037, 0.07706504, -0.05558443, 0.0562546, -0.01655494, 0.01140747, -0.06472458, -0.04779063, 0.09919514, -0.09571036, 0.02176042, -0.01101853, -0.051846, -0.03762055, -0.1019023, -0.1118091, 0.09169827, -0.04118088, -0.0657232, 0.01899991, 0.1099825, 0.096358, -0.1534397, -0.004618334, 0.08312427, -0.05875676
0.004317065, -0.07054278, 0.0857152, -0.01105306, 0.06641012, 0.06550295, -0.1386957, 0.09320363, 0.03466727, -0.02987644, -0.06002614, -0.03207767, 0.02430959, 0.0426782, -0.06483231, -0.02548566, 0.1041252, 0.1164988, 0.04644405, 0.05767875, -0.07369263, -0.03518904, -0.01382366, -0.03463808, 0.1219174, -0.09288899, 0.104745, 0.01556188, -0.0581162, 0.04683503, 0.03476165, -0.034527, 0.1109459, -0.09821669, 0.1389496, 0.06937911, -0.009487393, -0.1239881, 0.01695326, 0.002773008, -0.008426201, 0.05458191, 0.06279747, 0.03550331, -0.0174104, -0.06751754, -0.06457333, -0.03086217, -0.03149744, 0.1276624
0.06132459, -0.1769478, 0.007335372, -0.009587552, 0.1040543, 0.09142242, -0.08143048, -0.07144581, -0.01506455, -0.02655341, -0.03868617, -0.03030938, 0.04241871, 0.06394688, 0.1187517, 0.03252514, -0.04515219, -0.044699, 0.1214699, 0.124676, 0.004611181, 0.1178342, -0.003561183, 0.03367743, -0.01092245, 0.03968653, 0.05567459, 0.1249514, 0.02165139, -0.02455768, -0.0554115, 0.01867798, -0.1045084, 0.105466, 0.006919384, 0.02337996, 0.003858815, 0.07746326, 0.1119444, 0.03792146, 0.01429232, -0.04749388, -0.01380006, 0.02875015, 0.06435005, -0.1254338, -0.05216734, 0.1116815, 0.07160511, 0.07722776
-0.06824063, 0.02444996, 0.01415336, -0.001191021, 0.1527769, -0.04414472, -0.02330587, -0.07701873, 0.01133841, -0.002495447, -0.1021488, -0.1850144, 0.02268538, -0.09661356, -0.03218007, 0.1342202, -0.03167254, 0.04085258, -0.0601138, 0.0326525, -0.09304716, 0.1311634, 0.09755676, 0.1997827, -0.08622989, 0.02296294, -0.009014667, -0.05446557, 0.1571666, -0.1343796, 0.006646179, 0.08322932, -0.1384807, 0.1683609, -0.05008446, 0.03280567, 0.1169948, 0.02663211, 0.0705101, 0.01783451, 0.01930474, -0.03842222, 0.1207617, 0.02523701, -0.1137588, -0.04114829, 0.07969501, 0.00387079, -0.08194339, 0.0494412
-0.005128141, 0.03889997, -0.04115861, 0.002651796, -0.0208123, -0.1381101, 0.08269221, -0.05174029, -0.05259615, 0.02883024, 0.05409463, -0.0839098, -0.02878212, 0.02423278, 0.0587389, -0.0874495, -0.11334, -0.04602222, 0.05672193, 0.004186091, -0.02036919, -0.06209052, -0.1212762, 0.01201509, 0.03200066, 0.03664586, -0.09844159, 0.04669352, 0.03846953, -0.05732993, 0.09659065, -0.06438626, 0.00244983, -0.008570842, 0.02936372, -0.1343832, -0.08304556, -0.06053039, -0.09512495, -0.09776419, -0.06699137, 0.05758692, 0.03194517, -0.05014121, -0.01551439, 0.06230311, -0.1348089, 0.01090923, 0.05435652, -0.1196543
-0.0002377622, 0.008133765, -0.01628511, 0.05643565, 0.0129355, -0.1008105, 0.02561868, 0.06233609, 0.05756409, 0.05708069, -0.08634924, -0.002755423, 0.05790448, -0.08791848, 0.008558859, -0.03667849, 0.06212094, -0.03890537, 0.1240789, -0.1513419, 0.1320012, 0.03022324, -0.09925994, 0.06100854, 0.06784386, -0.01391347, 0.006840086, 0.037246, -0.03258426, -0.01334882, 0.01096311, 0.008578736, 0.1024714, -0.09032923, -0.1111241, 0.1131738, 0.08849997, 0.06286132, -0.1008384, 0.0006780602, -0.0310425, 0.02263077, 0.05715422, 0.05860472, -0.03407058, -0.09570345, -0.01814662, 0.06354704, -0.04389377, 0.04796654
-0.02460306, 0.07598608, 0.00899222, -0.07655958, 0.0008891136, -0.08462701, 0.1191066, 0.01442157, 0.1864958, -0.1772249, 0.08504406, -0.1098268, 0.1232707, -0.02856727, -0.08858491, 0.02399031, -0.04374314, -0.04190988, -0.2109585, 0.04150384, 0.0387857, -0.0064503, 0.02527055, 0.0958412, -0.05706835, 0.1009885, 0.02550767, -0.04860216, 0.00156145, -0.1201624, 0.1311873, 0.02020793, 0.008658475, -0.1043724, -0.1288915, 0.06166652, 0.02445397, 0.001038562, -0.05047536, -0.01569429, -0.0341954, -0.1086749, -0.04314497, -0.02454338, 0.1424162, 0.177422, 0.0684496, -0.001750561, 0.02961568, -0.01725118
0.1176326, -0.04001166, 0.1117743, 0.06684274, -0.1525794, 0.000653871, 0.03614775, 0.02024367, -0.1356841, 0.22059, 0.004645008, -0.05384639, -0.03492067, 0.002160299, -0.09020533, -0.03444291, 0.1235927, 0.03584552, -0.08600144, -0.1127796, -0.1179416, 0.09971564, 0.0230963, -0.01684437, -0.009290692, -0.07997026, -0.06412141, -0.1306628, 0.04848834, -0.01770987, 0.04854123, -0.07963977, 0.1594298, 0.0799639, -0.03036289, -0.08424851, -0.01284135, 0.1179705, -0.095597, -0.008700878, 0.01630545, -0.005126547, -0.1339745, 0.1061549, -0.0252748, -0.2093644, -0.05776317, 0.06593867, -0.1203391, 0.04268205
0.1307281, -0.1468403, 0.04667115, -0.03790493, 0.06688568, 0.008597981, -0.06601744, -0.04894233, 0.04705772, 0.105169, -0.04725409, -0.1295985, 0.07408438, 0.01497397, 0.04835042, 0.1062675, 0.01100299, 0.02194101, -0.166436, -0.1374665, -0.0709352, -0.04188073, -0.04300379, 0.1274627, 0.0874749, -0.02799883, -0.07067566, -0.08906936, 0.03598659, -0.1296055, -0.09306991, 0.012068, -0.05971682, 0.08139503, -0.01803103, 0.06689578, -0.01517856, 0.09435627, 0.07282577, 0.09427044, 0.1521519, -0.02095046, 0.08052083, 0.01661882, -0.2488044, -0.2258132, 0.1443184, 0.07401305, -0.1013954, 0.07297207
0.08128104, -0.04560931, 0.01459488, 0.01481922, 0.1210014, 0.04719416, 0.05761329, -0.0864575, -0.1028687, 0.1418695, 0.04195657, 0.04637567, 0.05908933, 0.01259416, 0.05930735, -0.1110737, -0.02353118, -0.001644284, -0.03866267, -0.03506476, -0.104322, 0.100154, -0.008545254, -0.01968895, -0.08526869, 0.02161628, -0.03410427, -0.07940484, -0.04489663, 0.1737797, -0.1015883, -0.001356246, -0.1184914, 0.05709606, 0.05113835, -0.04681831, -0.03500592, 0.02707051, 0.0317458, 0.02501693, -0.09565488, -0.0278664, 0.03268409, -0.2031232, -0.0527106, -0.008760874, 0.02522161, 0.006055252, -0.01252908, 0.1200253
0.01110527, 0.03798187, 0.03956896, -0.05655577, 0.06609343, 0.06042761, 0.1078618, 0.1140393, 0.08902678, -0.1898428, -0.06131934, 0.0525559, -0.04517335, 0.03372952, 0.07370749, 0.07828378, 0.112363, 0.0117805, -0.03254233, -0.004803726, 0.03494583, 0.04957756, 0.006793351, -0.08325838, 0.120282, 0.1469909, -0.02849152, 0.0006996843, 0.005222892, -0.09356546, 0.01846532, 0.04597375, -0.04035341, -0.1031298, 0.04589173, 0.1303893, 0.07674147, -0.04273017, 0.005548024, 0.06875107, 0.1358332, 0.03983646, 0.1029686, 0.1093806, 0.0292148, 0.0979066, -0.003235397, -0.1448879, -0.06006045, -0.0005045811
-0.05241526, 0.03521534, -0.009894041, -0.05139557, -0.09408627, -0.006330098, 0.09943489, -0.1101811, -0.007956031, -0.1175211, 0.09046393, 0.05530163, -0.02391564, -0.0139116, 0.08106717, -0.006333715, -0.1096846, -0.06740727, -0.05498941, -0.1781417, -0.08644539, -0.07402498, -0.09184119, -0.105412, 0.03058141, -0.03889483, 0.1051489, 0.07577984, -0.06650001, -0.05569594, -0.04300319, 0.07123007, 0.05902175, -0.02859319, -0.08495513, 0.08426631, -0.05533375, -0.09144424, -0.05490785, 0.008713706, -0.01505975, 0.05986255, -0.05133148, -0.08883932, 0.09234922, 0.06804541, -0.07903628, -0.08252808, -0.01108667, -0.0512587
-0.05745125, -0.00326176, 0.05504741, 0.06372188, 0.06384334, -0.1027557, 0.0398499, -0.0588355, 0.06924766, -0.08894358, 0.009097053, -0.1371865, -0.07338827, -0.01383297, 0.06999305, 0.00629312, -0.04335917, -0.02055461, -0.05089927, -0.05413982, -0.06331336, 0.1165134, 0.02804345, 0.005549843, 0.02647362, -0.02296183, 0.01225905, 0.1656672, 0.064804, 0.007813976, 0.08614846, 0.06493453, -0.1562713, -0.1291258, -0.0007067278, 0.04377307, -0.047837, 0.0006569576, -0.0924935, 0.08994096, -0.1113302, 0.009092702, 0.089641, -0.01351074, 0.1103654, 0.01467977, 0.06051759, 0.05071055, 0.06621819, -0.08546854
-0.1676185, -0.02771947, 0.0780439, 0.02136843, 0.1031741, 0.01810608, 0.03454488, -0.01016779, 0.000727525, -0.1066686, -0.03483189, 0.03385371, -0.003714427, -0.06561359, 0.02823806, -0.06456809, 0.07017469, 0.04758091, 0.06090722, 0.02635387, 0.1107652, -0.00201431, 0.004850363, -0.06118788, 0.1139355, 0.1173243, -0.1082827, 0.09496964, 0.06192997, -0.14555, 0.1067833, 0.0555767, -0.1323286, -0.1420688, -0.004526597, 0.09556979, 0.058661, 0.01025402, -0.06165895, -0.04805481, 0.03743957, 0.05957951, 0.09708548, 0.03439243, -0.01064647, 0.09503908, 0.06551306, -0.04456549, 0.05536867, 0.02188601
-0.01670526, 0.1156107, 0.03365545, 0.00147875, 0.05851758, 0.02933897, 0.02466783, -0.05407344, 0.02494089, -0.1248607, 0.02494737, -0.1142504, 0.1086528, -0.07342289, 0.1623902, 0.02674613, -0.09514485, -0.1487027, 0.06547426, -0.02050369, -0.1211061, -0.07336998, 0.02325382, 0.1178864, -0.04921871, 0.001341067, -0.07012469, 0.08208544, 0.01576372, 0.04935861, 0.1018371, 0.02919496, 0.07753515, 0.2059117, -0.04473652, -0.0736078, 0.02991783, -0.1115033, 0.02437778, 0.03102816, 0.02422201, -0.07170401, -0.03850771, -0.105614, 0.09357596, -0.05823079, -0.03769908, -0.006383653, 0.09353676, 0.01364202
-0.09128538, 0.07984588, 0.08286874, 0.03480363, 0.1036983, 0.03326489, -0.1266861, -0.1182624, 0.1037285, -0.02803223, -0.03464489, -0.03302292, -0.00549282, 0.02532396, -0.07861744, 0.1139643, 0.01653068, 0.05938851, 0.02337264, 0.05915301, 0.03816443, -0.06336053, 0.07345512, 0.1279821, -0.09054612, -0.008511975, -0.1005259, -0.0009414317, 0.08279592, -0.06652658, -0.01702253, -0.07323365, 0.09178846, 0.0656684, 0.004521078, -0.0506288, 0.06015709, -0.1515743, 0.06070253, 0.06093044, 0.03850565, 0.02222704, -0.1064606, 0.005114351, 0.03204652, 0.1898762, 0.09028327, 0.002071023, 0.09647477, 0.04079692
0.06001287, -0.1552023, 0.02296866, 0.002974488, -0.1007047, 0.1108809, -0.06511315, 0.05838295, -0.08855306, 0.05330725, -0.03500244, -0.03195347, 0.09046181, 0.03857613, -0.09154071, -0.008729522, -0.09072091, 0.07852509, -0.1207431, -0.1561774, -0.1656875, 0.05618747, -0.1648491, 0.008642107, -0.004693705, -0.1270702, -0.02493537, -0.0206346, 0.08748288, -0.06450514, -0.09598798, 0.06219419, 0.03935553, 0.09710112, -0.04995762, -0.0003975232, 0.01735059, 0.08841126, 0.09287409, 0.03572915, 0.02690914, 0.08732041, 0.08584941, 0.1000126, -0.09981862, -0.1431822, -0.008296257, 0.008380421, -0.04182002, 0.113296
0.04640767, -0.0514214, -0.05447763, 0.06058038, 0.07761212, 0.03131784, -0.05575389, 0.04967269, 0.07136798, 0.1623731, -0.07003696, -0.08388136, 0.07061831, -0.1026471, 0.01234053, 0.1147149, -0.0352064, -0.04806599, -0.112564, 0.03714366, -0.07049318, 0.03300837, -0.06743496, 0.1371917, 0.05026934, -0.09796605, -0.08686327, -0.08602166, -0.02624987, -0.004149725, -0.08285692, 0.1110742, 0.001876901, 0.160614, -0.01146541, 0.01092313, -0.01134443, 0.1802925, 0.1081036, 0.1306953, 0.08312108, 0.08900619, -0.02848745, 0.1440353, -0.1270619, -0.3157851, -0.003120272, 0.07462943, 0.09343676, 0.1418925
0.1130021, 0.06958808, -0.0296178, 0.04036517, 0.06333205, -0.03281597, -0.02962582, 0.01546567, -0.1670879, 0.05253957, 0.0008650562, 0.08612972, -0.03678389, -0.09066026, 0.04186212, -0.05097049, 0.03741902, 0.04475879, 0.1062583, 0.009421657, -0.04660483, 0.01531347, -0.07303037, -0.1565235, 0.02331261, -0.0793046, -0.03786512, -0.05701212, -0.1103154, 0.1295711, -0.1106691, -0.02990052, -0.006390037, 0.08255714, 0.09679782, -0.07450441, -0.01828127, 0.07105799, 0.06138806, -0.08377394, -0.02959282, 0.06224446, -0.01808728, -0.04521896, 0.006647346, -0.06093532, 0.00223845, -0.06895525, 0.05496302, 0.08938479
-0.04868132, 0.1344495, -0.1060234, -0.01739409, -0.06533619, 0.02380895, -0.04682631, -0.049932, -0.004208453, 0.02013079, 0.1278235, -0.05194249, -0.006592245, -0.0349862, -0.0251936, -0.1087837, -0.0601677, 0.04415907, 0.03293964, 0.07817581, 0.01492805, 0.04288353, 0.06312389, 0.02109573, -0.08206408, 0.1098289, 0.03802927, 0.02688009, -0.0125351, 0.0005627801, -0.07558934, -0.0162452, -0.04326382, 0.07133664, -0.02572784, 0.003226152, -0.0312177, -0.175805, 0.07757277, 0.03052323, -0.01752607, -0.01166767, -0.01293888, -0.019167, 0.01411722, 0.1675918, -0.07216626, 0.04199159, -0.05242799, -0.01910761
-0.07267055, 0.1112414, 0.033748, -0.01846395, -0.03279418, 0.04887264, -0.03620864, -0.03453752, 0.01453244, -0.1629165, 0.0316947, -0.01510533, 0.04674796, -0.0324541, -0.01188524, 0.02590087, -0.01775178, 0.1210899, 0.08173983, 0.1332829, 0.09162816, 0.02692266, -0.02009021, 0.1278609, 0.06313158, -0.03505991, 0.02158829, 0.01756128, 0.03843204, 0.06360861, 0.1436381, -0.01206493, -0.08081491, 0.1133953, 0.05726077, -0.01477911, 0.05660764, -0.1288024, -0.01511638, 0.114392, 0.1066818, 0.05053124, 0.1825372, 0.0155134, 0.2508156, 0.09640988, 0.01410732, 0.04600792, -0.005984347, -0.06273666
0.1058727, -0.09671898, 0.01448119, 0.0259219, 0.04845724, 0.1306438, 0.04172546, 0.02690222, -0.02785254, 0.05231534, -0.1064224, -0.05056179, 0.1034426, 0.004857569, 0.03673204, -0.006055478, 0.01536539, 0.04606301, 0.0234718, -0.1345596, -0.1068685, 0.03714079, -0.01449072, 0.03540581, 0.06720819, 0.02098638, 0.04735842, 0.01828627, -0.040436, 0.1298163, 0.04288032, 0.05312571, -0.05473176, 0.09389926, 0.1220191, -0.02152993, 0.09808496, -0.07027943, 0.07854844, 0.1332728, 0.01942863, 0.05000612, -0.05468139, 0.06414592, -0.08311962, -0.0422367, -0.02842783, 0.03883364, -0.1411176, 0.0355097
-0.005407614, 0.1205694, -0.06987754, -0.1013838, 0.03034431, -0.0642946, 0.03511367, 0.0385986, 0.1224368, 0.004501226, -0.1219062, -0.204853, -0.001471611, 0.03883774, -0.0614115, -0.02960574, -0.03957134, 0.04616716, -0.03372624, 0.1630437, -0.02227192, -0.05552466, -0.006030783, 0.07142778, 0.07403334, 0.005074575, 0.07844651, 0.09449896, -0.005801811, -0.071684, 0.2019958, -0.03928722, -0.03699962, -0.04776669, -0.03063303, 0.06156793, 0.02924412, -0.1688164, -0.03331889, 0.04038472, 0.08334042, 0.01530468, 0.01749249, 0.07675157, 0.170715, 0.04628424, -0.02308689, 0.04805832, 0.06039554, -0.04663243
-0.09529299, 0.017632, 0.1431578, -0.05152837, -0.01095117, 0.05195776, -0.03180142, -0.009337795, -0.05491032, -0.04095463, 0.02955442, -0.02472774, -0.03324873, 0.02702004, 0.05777042, 0.05948542, -0.007510437, -0.1184792, 0.02697495, 0.0879775, 0.07060898, -0.05916019, 0.05763148, 0.1190627, -0.02627333, 0.07260373, 0.05455449, 0.04695755, 0.102069, -0.05088442, -0.07467858, -0.06075556, -0.09309071, 0.08334507, 0.06523149, 0.01661078, -0.02710512, -0.1221528, -0.04361956, 0.08241301, -0.1097843, -0.01043239, 0.04522647, -0.1021621, 0.03526215, 0.09969936, -0.05090391, 0.1032557, 0.04120925, -0.07398213
0.09307389, 0.1322712, 0.0393642, -0.03798827, 0.04888583, 0.09606788, 0.01966665, 0.01187532, 0.01873453, 0.08780892, -0.1201527, 0.0105008, -0.04656398, 0.05448192, -0.07151545, 0.02762021, 0.1005138, 0.01180272, 0.008972457, 0.1868173, 0.03172767, 0.1615769, -0.1273037, 0.06395049, -0.0164651, 0.01527613, -0.04595035, -0.0007297245, 0.0154037, 0.0166976, 0.1086087, -0.03588666, -0.1539463, -0.04232967, 0.02945244, -0.002302645, 0.02590173, 0.005249239, -0.01089997, -0.06667829, 0.08822337, -0.04472328, -0.03133545, 0.2169931, -0.1337123, 0.05412107, 0.04480454, 0.0748151, -0.0683331, -0.06008046
0.1373719, 0.00621701, -0.05415549, 0.1243913, 0.140233, 0.1762083, 0.0425056, -0.009894415, -0.09489546, -0.02703747, 0.03242401, -0.1100237, 0.06008499, 0.03067978, -0.02922209, 0.001665886, 0.005209522, 0.07398043, 0.000379246, 0.02336713, -0.01964468, -0.02160076, -0.02170885, 0.101911, -0.0181404, -0.09650993, 0.05573496, -0.01205785, 0.05980214, 0.06027433, 0.004919249, 0.005285869, -0.05667767, 0.0171333, 0.04743, -0.01511991, -0.09015841, -0.03950635, 0.04799026, 0.03322663, -0.047163, 0.01723202, 0.04718314, 0.1457797, -0.03965244, -0.0314151, -0.07522119, 0.05359093, -0.1259074, 0.08724012
0.1142886, -0.03956544, 0.02091566, -0.05260269, 0.01391069, -0.09651588, -0.08109215, -0.04708394, -0.03438776, 0.0189846, -0.02985341, 0.09079453, 0.1343919, -0.02648346, -0.0764656, -0.05949889, 0.03468318, 0.07371563, 0.1006918, -0.1864251, -0.02041625, 0.04025667, 0.03256712, 0.06653827, 0.0423489, -0.08131437, 0.04678576, -0.06102989, -0.1430205, -0.03185333, -0.09889278, -0.03969103, 0.0706275, -0.05893427, 0.07959641, 0.01067256, 0.04795749, 0.1067716, -0.05037717, 0.007313411, -0.04736998, 0.06511097, 0.04212423, 0.01164886, -0.008651928, -0.0124278, -0.08958451, -0.02107195, -0.03014955, 0.0003466349
0.08787458, -0.09662938, 0.05178642, 0.06161565, -0.03995682, -0.01398997, 0.0635885, 0.03696681, -0.09169563, 0.1303112, -0.01594911, 0.09217776, 3.953207E-05, 0.009719173, -0.03528572, 0.1116609, 0.01989924, 0.1352936, 0.05197324, -0.1397221, -0.1212252, -0.02913156, -0.04012289, -0.08521118, -0.05943465, -0.06835837, -0.04514154, -0.09428288, 0.009729653, -0.111471, -0.06531296, 0.03018422, 0.08337875, 0.01071018, -0.001917042, 0.04321178, 0.07268985, 0.1291584, 0.08402593, 0.09317335, -0.02549118, -0.1420479, 0.03596633, -0.04750772, -0.2053182, -0.09635542, -0.05205034, -0.03169383, -0.1126204, 0.03054105
0.2382672, 0.1641681, 0.02545845, 0.1252268, 0.0200218, -0.07763804, 0.002050937, -0.09794012, 0.05367519, 0.02614758, -0.1238055, 0.422069, -0.01188594, -0.06315009, 0.1641395, -0.001539191, -0.05859016, -0.04050865, -0.006847637, 0.3592617, 0.02751568, 0.1307164, 0.002407195, 0.4617335, -0.05177559, -0.07790502, -0.02589212, -0.03587747, -0.2609321, 0.20488, 0.07319456, 0.06617104, -0.1087478, 0.4219961, 0.01290674, 0.07120191, 0.01949484, -0.3963756, -0.05231428, -0.005368002, 0.148208, 0.04653702, 0.07947211, -0.03462469, -0.4088752, 0.1135526, -0.2156242, 0.2551916, -0.1295429, -0.1017941
-0.08344327, 0.1949519, 0.294308
-0.2998545, -0.01482978, 0.0849935
-0.1190629, 0.01530396, 0.002007832
0.004203547, -0.01215269, -0.08130763
-0.09799983, -0.1035841, -0.3604773
-0.08613327, 0.09921396, -0.3624455
0.10475, 0.02948105, 0.066172
-0.1646655, 0.04554959, -0.0828157
-0.356966, -0.0435482, -0.1543594
0.07874444, -0.01264278, 0.4769994
0.3707257, 0.03763584, -0.03188666
0.6909421, 0.0564196, 0.09438185
-0.0128163, -0.1377011, 0.07004514
0.1089626, 0.06402483, 0.06166635
-0.01614841, 0.04046589, 0.1821751
-0.2444039, 0.007826568, -0.1034149
-0.3363729, -0.03029917, 0.08928123
-0.114496, 0.1251153, -0.2033889
0.25753, 0.0684909, -0.1228954
-0.4807055, 0.3050903, -0.4791006
-0.1692092, -0.2373905, 0.04688889
-0.111515, -0.1796793, 0.2267589
0.03741679, 0.09812459, -0.2142091
0.5518135, 0.1028741, -0.1451317
-0.2340316, -0.07963439, -0.1069944
-0.1867674, -0.09638695, 0.07618926
0.09695266, 0.1608119, -0.01307603
-0.06886218, -0.1508322, -0.2828232
-0.4685334, -0.02839069, -0.1016161
-0.1569658, -0.1290134, -0.07219301
-0.3668396, -0.1686428, -0.006958608
-0.03810645, -0.04333733, -0.01393573
0.2279942, -0.02687242, 0.4310997
0.6739869, 0.004077449, -0.1150443
-0.08691802, -0.01514736, -0.06190332
-0.2694973, -0.1015367, -0.2465728
0.0007678404, 0.03386839, -0.2274833
0.4101922, -0.2226517, -0.217992
-0.1601664, -0.1160644, -0.3652346
-0.1218442, -0.06802748, -0.1634189
-0.1996397, -0.01349302, -0.2273401
-0.05122902, -0.1604778, 0.1701789
-0.09840949, -0.1377458, -0.2814457
-0.3955797, -0.119439, -0.2190333
0.5427825, 0.1079571, -0.149864
-0.4861172, -0.1091711, 0.2951544
-0.3697127, -0.03508088, 0.007803679
0.2967834, 0.0826543, -0.03985821
0.0462859, -0.1560017, -0.1306054
0.1567951, 0.1771146, -0.2617123
0.1129814, -0.1134146, 0.4590195
