3x10x10x3
-0.0039315, 0.007666688, -0.008977641, 0.003976745, -0.001266753, 0.006800839, 0.005658308, -0.004202743, -0.001290131, -0.007228261
0.002901146, -0.009542362, -0.004894018, -0.005354483, 0.00737968, 0.008495911, 0.00998836, -0.003579124, -0.006421515, -0.005980306
0.0001383401, -0.009833136, -0.005598915, 0.006052313, 0.004599928, 0.006121293, 0.007438775, -0.008721647, 0.007090979, 0.004444128
-0.008457232, 0.00561951, -0.001751527, -0.005166269, 0.007566379, 0.0007104335, -0.002926587, -0.006676759, 0.0004705879, -0.00693454
0.0736679, -6.086607E-05, 0.09264494, -0.04910716, 0.03650217, -0.07443973, -0.09998485, -0.04678249, 0.05546973, -0.07854518
0.02730646, -0.04060654, 0.01583066, 0.05206911, -0.00863617, 0.02592364, -0.05818433, 0.0625464, 0.01596027, 0.04939943
-0.01770749, 0.04914239, -0.08754002, 0.08248982, -0.03022855, 0.0753722, -0.06152114, 0.005551602, -0.01959763, 0.07801633
0.03987505, 0.0611852, 0.01495985, 0.01734313, -0.01959389, -0.04279152, -0.09138121, 0.06013411, -0.007103281, 0.02785422
-0.0804905, 0.02071441, -0.06884096, -0.03229329, 0.03804373, 0.01427443, -0.08181109, 0.04787002, -0.08499001, -0.0332787
-0.03488303, -0.01165357, -0.01840334, 0.08710275, -0.03695698, -0.02358212, 0.07938474, -0.08247467, 0.09961043, -0.02215469
-0.09748901, -0.05008188, -0.08766367, -0.05656151, -0.01490114, 0.06612127, 0.04443361, 0.09848753, -0.028337, -0.06584466
0.01730485, -0.01831844, -0.03035031, 0.08810606, 0.02988993, 0.06157811, 0.01798335, 0.04475327, -0.05555391, 0.05549702
0.05718329, -0.009391161, -0.009458388, -0.08631893, 0.01289936, -0.04847139, -0.02041147, 0.02785711, -0.04569989, -0.09601177
-0.02217626, 0.09109346, 0.06052368, -0.08494859, 0.02534323, 0.06959137, 0.008378074, 0.08772055, 0.08260786, 0.07192246
0.03401956, 0.00637382, 0.006932646, 0.09755693, 0.04533553, 0.09184472, -0.03061811, -0.05901015, -0.007261298, -0.07502609
-0.01900138, -0.08863255, 0.009134218
-0.01993938, 0.09086312, -0.01828929
0.07555307, -0.002933106, 0.08176864
-0.08788924, 0.03380184, -0.09686323
-0.04602559, 0.04208578, 0.06657673
-0.08808016, 0.02257138, 0.09149607
-0.06882487, 0.04973076, 0.06185839
0.01799781, 0.0616431, -0.09792048
0.03051242, -0.09710281, -0.01051351
0.001943986, -0.07898845, 0.03419161
-0.09650738, 0.09193309, -0.04528826
