3x10x10x3
0.002021584, 0.003037515, -0.005671015, 0.008127431, -0.003707384, 0.004277851, -0.002028632, 0.001619063, -0.001106043, 0.006105237
0.004868923, -0.004445613, 0.004027891, 0.002023351, -0.005805897, 0.001506144, -0.002701746, -0.0100481, 0.0009379308, -0.001085247
0.009278524, 0.006265373, -0.006949155, 0.009930376, -0.007385869, 0.01080541, -0.01113567, -0.005638075, 0.003532868, 0.008245878
0.005637216, 0.009096037, -0.0005987617, -0.007462898, -0.005386716, -0.002042675, 0.0002212521, 0.002257445, 0.007450896, 0.007342151
0.01850946, 0.06046542, -0.0220127, -0.04340835, 0.02837511, 0.08918796, -0.08507753, 0.0376035, -0.08123682, 0.09385424
0.0767298, -0.04596795, -0.01064745, 0.06198265, -0.01564499, 0.01417892, -0.06677091, 0.07071423, 0.02552139, -0.001285841
-0.06585555, 0.004623009, -0.009093794, -0.03320255, -0.09908877, -0.0196673, 0.06873284, -0.03176653, 0.01964098, -0.06590338
-0.07168831, 0.0333108, -0.05497071, -0.0691698, 0.05640326, -0.01911522, -0.06196013, 0.04626974, -0.00342407, 0.06370237
0.03873028, -0.06821822, 0.05752728, -0.06918778, -0.08592907, -0.03441706, 0.0625923, 0.09774065, -0.06893529, 0.06160605
-0.06850572, -0.01576425, 0.06448027, -0.0679343, -0.0681634, -0.01514597, -0.02810427, 0.04736273, -0.04282746, -0.04082729
0.07775103, 0.05223187, -0.03627858, 0.05855271, -0.03347833, -0.05724422, -0.09149287, -0.04202761, -0.09227564, -0.0985268
-0.02315839, -0.01326685, -0.02648957, 0.06498791, 0.05851645, -0.0958689, 0.0454694, -0.03813042, -0.04670764, 0.03473155
0.0162415, 0.0704984, -0.06094598, 0.05445931, -0.09768542, 0.04080582, 0.06927767, -0.08573458, 0.0987988, -0.02839209
-0.08834467, -0.01127781, -0.01352307, -0.06136011, 0.08396806, 0.0860326, 0.06830686, -0.09919269, 0.06174903, 0.07256946
-0.04977275, 0.008527854, -0.03587955, -0.004903289, -0.03519508, 0.0574111, -0.03565504, 0.04770384, 0.07670736, -0.00288226
-0.05976325, -0.07806449, -0.04157811
-0.06083378, -0.02172022, -0.07722474
-0.02739937, 0.09351698, 0.06947812
0.09705571, 0.08341056, -0.002550547
-0.005715436, -0.09992493, -0.09472127
-0.003202113, 0.09473228, -0.03894124
0.02373694, -0.03496902, 0.04607325
-0.009983204, 0.09362148, 0.06836113
-0.04755138, 0.09607228, -0.04074157
-0.02794944, -0.07935143, 0.05558602
-0.02657535, -0.001303695, -0.03065278
