0 0 54;338.3469 28.0357 330.381
33.63779 28.41193 117.1685;338.8654 1.628131 337.5089
36.28792 64.46789 210.4045;350.79 356.9133 330.1601
32.30149 76.47194 284.3302;350.0146 23.73626 341.0418
59.25871 88.26301 345.635;8.099598 9.340492 349.5825
74.04147 75.30074 435.5096;18.32512 18.34535 359.4078
104.2185 43.54545 526.5149;38.14446 40.23174 349.0235
153.9983 -16.98389 585.3551;17.20481 21.00552 311.8997
185.5007 -44.1964 667.3982;23.59028 24.27633 311.6283
229.9607 -91.41923 765.9746;61.63029 15.07329 269.7232
