0 0 47;15.58706 344.072 2.865789
-14.27421 -14.50992 97.01709;15.28505 335.5919 349.3091
-32.61057 -26.63651 137.4241;23.47964 352.5725 11.20371
-41.85892 -57.71352 208.3655;33.25311 339.2131 15.39348
-56.40126 -84.58211 246.6748;26.44433 344.5344 31.45716
-67.38414 -105.0672 286.3703;45.99229 336.3042 37.40496
-81.90298 -142.468 319.4518;48.51462 343.4754 32.0769
-94.33823 -191.9102 361.3663;69.07905 331.3952 39.77742
-104.7666 -248.8887 380.4896;76.1554 331.6334 38.26396
-108.5184 -280.93 387.438;58.67158 324.0655 41.34247
