0 0 46;16.40911 344.3583 350.2755
-8.53507 -9.322305 76.48356;24.93086 358.3469 1.074971
-9.895428 -31.24157 123.6184;41.16126 353.7144 13.81571
-14.51129 -68.09968 165.5251;47.06789 9.872787 10.53676
-5.285068 -125.9404 218.5376;27.32901 10.62055 28.39078
5.030099 -154.8637 273.5471;35.89059 352.0996 34.86126
-3.544187 -200.0041 335.3357;39.67359 16.83735 33.18514
9.16375 -236.3937 377.3275;41.65211 359.1283 28.79446
8.39073 -281.5869 428.1308;52.00776 342.9931 12.95024
1.549148 -311.5345 450.499;52.24408 347.4427 28.12235
