0 0 91;356.2949 340.9075 25.9672
-27.41852 5.428166 170.2134;359.9756 330.1942 48.37948
-89.55133 5.481507 278.6777;14.70855 328.0897 27.09902
-163.174 -31.08041 396.9102;14.60028 347.9695 52.50791
-192.6224 -67.88322 535.0925;51.00133 358.5537 50.84168
-194.9096 -179.7943 625.6832;37.06501 330.2685 22.09986
-243.5848 -253.929 710.911;29.55793 345.3319 45.83435
-273.9813 -322.0048 827.0391;8.791074 330.6405 67.36464
-313.7126 -334.537 897.6675;18.83819 311.6086 64.19328
-395.7996 -371.9931 970.5699;49.4155 308.955 67.40578
